45
A_U_6-G_U_4-3ts0.pdb
P | -4.92171 | 3.21817 | 51.49267
OP1 | -5.99804 | 3.46426 | 52.48747
OP2 | -3.66366 | 4.02449 | 51.53546
O5' | -4.44903 | 1.68693 | 51.63683
C5' | -5.23261 | 0.58836 | 51.15515
C4' | -4.39012 | -0.63875 | 50.84667
O4' | -3.40669 | -0.38677 | 49.80873
C3' | -3.58256 | -1.20451 | 52.00536
O3' | -4.40761 | -1.93396 | 52.90451
C2' | -2.5706 | -2.05644 | 51.2455
O2' | -3.09984 | -3.28199 | 50.78238
C1' | -2.23923 | -1.14254 | 50.07035
N9 | -1.10281 | -0.23974 | 50.30214
C8 | -1.12556 | 1.13095 | 50.44278
N7 | 0.04304 | 1.68238 | 50.63158
C5 | 0.90695 | 0.60391 | 50.61628
C6 | 2.31798 | 0.57599 | 50.73508
O6 | 3.0791 | 1.54527 | 50.87183
N1 | 2.84454 | -0.71368 | 50.6522
C2 | 2.07908 | -1.84072 | 50.45978
N2 | 2.73214 | -3.01071 | 50.42137
N3 | 0.75782 | -1.82572 | 50.30139
C4 | 0.23092 | -0.57686 | 50.40239
P | -1.1441 | -6.01111 | 57.70745
OP1 | -1.92428 | -7.0863 | 58.37887
OP2 | -1.32802 | -4.59089 | 58.1447
O5' | 0.41633 | -6.27251 | 57.90159
C5' | 1.0435 | -7.47741 | 57.48749
C4' | 2.54859 | -7.32055 | 57.54963
O4' | 2.97748 | -6.09008 | 56.90387
C3' | 3.12239 | -7.29196 | 58.95388
O3' | 4.3211 | -8.02619 | 58.92062
C2' | 3.4144 | -5.80949 | 59.20299
O2' | 4.49878 | -5.66008 | 60.10254
C1' | 3.72141 | -5.27254 | 57.79761
N9 | 3.34516 | -3.86679 | 57.57039
C8 | 2.07992 | -3.34694 | 57.38989
N7 | 2.01408 | -2.03923 | 57.19686
C5 | 3.34607 | -1.67509 | 57.21644
C6 | 3.96699 | -0.40949 | 57.09822
N6 | 3.27886 | 0.72142 | 56.91505
N1 | 5.32021 | -0.36623 | 57.18514
C2 | 6.01015 | -1.51805 | 57.36948
N3 | 5.53571 | -2.76473 | 57.51911
C4 | 4.18618 | -2.78401 | 57.41054
