31
A_U_10-LYS_A_102-3ts0.pdb
N | 2.35662 | 0.36038 | 4.74092
CA | 1.85423 | -0.94803 | 4.33752
C | 2.86689 | -1.90599 | 3.65892
O | 2.59568 | -3.09895 | 3.55836
CB | 0.57013 | -0.79289 | 3.51102
CG | -0.67485 | -0.41758 | 4.31347
CD | -1.52466 | 0.5199 | 3.48645
CE | -2.90429 | 0.78287 | 4.03319
NZ | -3.71091 | 1.60824 | 3.08612
P | -6.39191 | -0.45468 | 0.18475
OP1 | -7.73665 | -0.8087 | -0.33214
OP2 | -6.15057 | 0.20754 | 1.49783
O5' | -5.47047 | -1.76321 | 0.2139
C5' | -5.32031 | -2.70639 | -0.84633
C4' | -4.00664 | -3.45825 | -0.70413
O4' | -2.90972 | -2.5948 | -1.08211
C3' | -3.64516 | -4.01173 | 0.66998
O3' | -3.05452 | -5.27507 | 0.46195
C2' | -2.63029 | -3.01354 | 1.22899
O2' | -1.69242 | -3.61116 | 2.09803
C1' | -1.95956 | -2.50403 | -0.04008
N9 | -1.51159 | -1.12152 | 0.00677
C8 | -2.29147 | 0.00813 | -0.01148
N7 | -1.60579 | 1.13118 | 0.03859
C5 | -0.29365 | 0.6985 | 0.00648
C6 | 0.93445 | 1.38946 | 0.0
N6 | 1.02657 | 2.72717 | 0.00496
N1 | 2.07109 | 0.66491 | -0.00897
C2 | 1.99802 | -0.6649 | 0.00898
N3 | 0.91122 | -1.42409 | -0.01971
C4 | -0.21224 | -0.68163 | -0.02064
