44
A_U_15-A_U_15-3ts0.pdb
P | -6.97269 | -5.95334 | -55.27064
P | -6.97269 | -5.95334 | -55.27064
OP1 | -7.61175 | -7.0728 | -55.99099
OP1 | -7.61175 | -7.0728 | -55.99099
OP2 | -7.80094 | -5.01788 | -54.46915
OP2 | -7.80094 | -5.01788 | -54.46915
O5' | -5.86172 | -6.6244 | -54.34053
O5' | -5.86172 | -6.6244 | -54.34053
C5' | -5.04764 | -5.93287 | -53.39967
C5' | -5.04764 | -5.93287 | -53.39967
C4' | -3.70596 | -6.63833 | -53.33835
C4' | -3.70596 | -6.63833 | -53.33835
O4' | -2.78044 | -6.08062 | -54.31561
O4' | -2.78044 | -6.08062 | -54.31561
C3' | -2.94253 | -6.54098 | -52.027
C3' | -2.94253 | -6.54098 | -52.027
O3' | -3.48705 | -7.39602 | -51.03779
O3' | -3.48705 | -7.39602 | -51.03779
C2' | -1.53999 | -6.91768 | -52.5071
C2' | -1.53999 | -6.91768 | -52.5071
O2' | -1.38816 | -8.29237 | -52.84669
O2' | -1.38816 | -8.29237 | -52.84669
C1' | -1.4695 | -6.07119 | -53.77166
C1' | -1.4695 | -6.07119 | -53.77166
N9 | -1.0027 | -4.68396 | -53.65855
N9 | -1.0027 | -4.68396 | -53.65855
C8 | -1.7693 | -3.54148 | -53.68222
C8 | -1.7693 | -3.54148 | -53.68222
N7 | -1.08772 | -2.41639 | -53.67843
N7 | -1.08772 | -2.41639 | -53.67843
C5 | 0.22783 | -2.84817 | -53.67329
C5 | 0.22783 | -2.84817 | -53.67329
C6 | 1.46066 | -2.15267 | -53.68169
C6 | 1.46066 | -2.15267 | -53.68169
N6 | 1.54815 | -0.82014 | -53.70345
N6 | 1.54815 | -0.82014 | -53.70345
N1 | 2.60339 | -2.88176 | -53.66657
N1 | 2.60339 | -2.88176 | -53.66657
C2 | 2.52405 | -4.22538 | -53.69682
C2 | 2.52405 | -4.22538 | -53.69682
N3 | 1.42504 | -4.99061 | -53.71768
N3 | 1.42504 | -4.99061 | -53.71768
C4 | 0.30094 | -4.24173 | -53.67999
C4 | 0.30094 | -4.24173 | -53.67999
