44
A_U_22-A_U_22-3ts0.pdb
P | -3.23615 | -62.9255 | 42.10371
P | -3.23615 | -62.9255 | 42.10371
OP1 | -2.87857 | -64.18499 | 41.39435
OP1 | -2.87857 | -64.18499 | 41.39435
OP2 | -4.45374 | -62.1731 | 41.71753
OP2 | -4.45374 | -62.1731 | 41.71753
O5' | -3.26427 | -63.26688 | 43.67553
O5' | -3.26427 | -63.26688 | 43.67553
C5' | -3.7647 | -64.5189 | 44.17632
C5' | -3.7647 | -64.5189 | 44.17632
C4' | -2.68742 | -65.37017 | 44.83368
C4' | -2.68742 | -65.37017 | 44.83368
O4' | -1.37221 | -64.83788 | 44.54791
O4' | -1.37221 | -64.83788 | 44.54791
C3' | -2.77443 | -65.50032 | 46.35266
C3' | -2.77443 | -65.50032 | 46.35266
O3' | -3.35345 | -66.75253 | 46.7079
O3' | -3.35345 | -66.75253 | 46.7079
C2' | -1.34067 | -65.35758 | 46.89149
C2' | -1.34067 | -65.35758 | 46.89149
O2' | -0.72809 | -66.58138 | 47.28777
O2' | -0.72809 | -66.58138 | 47.28777
C1' | -0.57894 | -64.7481 | 45.72241
C1' | -0.57894 | -64.7481 | 45.72241
N9 | -0.11593 | -63.36806 | 45.8562
N9 | -0.11593 | -63.36806 | 45.8562
C8 | -0.88133 | -62.23425 | 45.81655
C8 | -0.88133 | -62.23425 | 45.81655
N7 | -0.18655 | -61.11785 | 45.79941
N7 | -0.18655 | -61.11785 | 45.79941
C5 | 1.13104 | -61.54213 | 45.8184
C5 | 1.13104 | -61.54213 | 45.8184
C6 | 2.37029 | -60.85056 | 45.82597
C6 | 2.37029 | -60.85056 | 45.82597
N6 | 2.46856 | -59.51688 | 45.83398
N6 | 2.46856 | -59.51688 | 45.83398
N1 | 3.51587 | -61.57573 | 45.81536
N1 | 3.51587 | -61.57573 | 45.81536
C2 | 3.42192 | -62.91602 | 45.83658
C2 | 3.42192 | -62.91602 | 45.83658
N3 | 2.31966 | -63.67855 | 45.83474
N3 | 2.31966 | -63.67855 | 45.83474
C4 | 1.19349 | -62.92971 | 45.83051
C4 | 1.19349 | -62.92971 | 45.83051
