33
A_U_15-ARG_A_50-3ts0.pdb
N | -3.09322 | -0.9358 | -6.73796
CA | -2.82958 | -2.26308 | -6.19478
C | -2.83018 | -3.30786 | -7.29839
O | -1.8618 | -4.06335 | -7.39352
CB | -3.85908 | -2.64297 | -5.12934
CG | -3.26369 | -3.41423 | -3.98119
CD | -4.29356 | -4.29547 | -3.32509
NE | -3.66618 | -5.53787 | -2.88755
CZ | -4.32694 | -6.64519 | -2.57749
NH1 | -3.66739 | -7.73919 | -2.21544
NH2 | -5.65724 | -6.66952 | -2.62648
P | -7.49293 | -2.39976 | -1.58894
OP1 | -8.13198 | -3.51922 | -2.30929
OP2 | -8.32118 | -1.4643 | -0.78745
O5' | -6.38196 | -3.07082 | -0.65883
C5' | -5.56788 | -2.37929 | 0.28203
C4' | -4.2262 | -3.08475 | 0.34335
O4' | -3.30068 | -2.52704 | -0.63391
C3' | -3.46277 | -2.98741 | 1.6547
O3' | -4.00728 | -3.84244 | 2.6439
C2' | -2.06023 | -3.3641 | 1.1746
O2' | -1.9084 | -4.73879 | 0.835
C1' | -1.98974 | -2.51761 | -0.08996
N9 | -1.52293 | -1.13038 | 0.02315
C8 | -2.28954 | 0.0121 | -0.00052
N7 | -1.60796 | 1.13719 | 0.00327
C5 | -0.29241 | 0.70541 | 0.00841
C6 | 0.94042 | 1.40091 | 0.0
N6 | 1.02792 | 2.73344 | -0.02175
N1 | 2.08315 | 0.67181 | 0.01513
C2 | 2.00381 | -0.6718 | -0.01512
N3 | 0.9048 | -1.43703 | -0.03598
C4 | -0.2193 | -0.68815 | 0.00171
