42
A_U_15-U_U_14-3ts0.pdb
P | -39.6455 | 2.94941 | 2.02554
OP1 | -38.89281 | 3.2623 | 0.78313
OP2 | -40.91444 | 2.22142 | 1.86022
O5' | -38.74396 | 2.13963 | 3.06617
C5' | -39.21689 | 1.09835 | 3.93748
C4' | -38.35703 | -0.1497 | 3.74951
O4' | -38.33432 | -0.57488 | 2.35313
C3' | -36.8865 | -0.069 | 4.16565
O3' | -36.54333 | -1.33515 | 4.72502
C2' | -36.16023 | 0.17103 | 2.8418
O2' | -34.81604 | -0.23592 | 2.90479
C1' | -37.00093 | -0.7006 | 1.90599
N1 | -36.94197 | -0.53171 | 0.40302
C2 | -36.8438 | -1.67024 | -0.40281
O2 | -36.77563 | -2.82047 | 0.02034
N3 | -36.79205 | -1.43375 | -1.75847
C4 | -36.85518 | -0.20986 | -2.38414
O4 | -36.833 | -0.17375 | -3.61323
C5 | -37.0297 | 0.91392 | -1.49432
C6 | -37.07321 | 0.71878 | -0.16458
P | -35.61109 | -1.59262 | 5.99498
OP1 | -36.40994 | -2.16972 | 7.09465
OP2 | -34.79813 | -0.37299 | 6.2296
O5' | -34.6718 | -2.77823 | 5.48336
C5' | -33.66689 | -2.65961 | 4.48224
C4' | -33.58726 | -3.98261 | 3.74409
O4' | -34.49882 | -3.99934 | 2.60767
C3' | -32.24362 | -4.34206 | 3.12976
O3' | -31.31964 | -4.78228 | 4.10882
C2' | -32.68587 | -5.41183 | 2.13
O2' | -33.086 | -6.64083 | 2.728
C1' | -33.90378 | -4.71544 | 1.53639
N9 | -33.70468 | -3.80814 | 0.39961
C8 | -33.7027 | -2.43226 | 0.42107
N7 | -33.61704 | -1.85955 | -0.76006
C5 | -33.58113 | -2.93768 | -1.62809
C6 | -33.5069 | -3.02503 | -3.03895
N6 | -33.46003 | -1.95455 | -3.83623
N1 | -33.48237 | -4.25868 | -3.60031
C2 | -33.58136 | -5.34188 | -2.80696
N3 | -33.68293 | -5.38526 | -1.47218
C4 | -33.65305 | -4.14619 | -0.93401
