44
A_U_6-A_U_6-3ts0.pdb
P | -7.15299 | -8.35344 | 50.03618
P | -7.15299 | -8.35344 | 50.03618
OP1 | -8.41853 | -8.89468 | 50.60275
OP1 | -8.41853 | -8.89468 | 50.60275
OP2 | -6.51953 | -7.15503 | 50.67225
OP2 | -6.51953 | -7.15503 | 50.67225
O5' | -6.01325 | -9.46624 | 50.09631
O5' | -6.01325 | -9.46624 | 50.09631
C5' | -6.15973 | -10.73955 | 49.4849
C5' | -6.15973 | -10.73955 | 49.4849
C4' | -4.82786 | -11.4605 | 49.47457
C4' | -4.82786 | -11.4605 | 49.47457
O4' | -3.76656 | -10.60015 | 48.97611
O4' | -3.76656 | -10.60015 | 48.97611
C3' | -4.37224 | -11.9634 | 50.83158
C3' | -4.37224 | -11.9634 | 50.83158
O3' | -3.79133 | -13.22715 | 50.62517
O3' | -3.79133 | -13.22715 | 50.62517
C2' | -3.30531 | -10.95216 | 51.26061
C2' | -3.30531 | -10.95216 | 51.26061
O2' | -2.34676 | -11.56727 | 52.10334
O2' | -2.34676 | -11.56727 | 52.10334
C1' | -2.71482 | -10.47875 | 49.92461
C1' | -2.71482 | -10.47875 | 49.92461
N9 | -2.23196 | -9.08733 | 49.91354
N9 | -2.23196 | -9.08733 | 49.91354
C8 | -2.9828 | -7.93018 | 49.88365
C8 | -2.9828 | -7.93018 | 49.88365
N7 | -2.29892 | -6.79709 | 49.87391
N7 | -2.29892 | -6.79709 | 49.87391
C5 | -0.99295 | -7.24589 | 49.86025
C5 | -0.99295 | -7.24589 | 49.86025
C6 | 0.23372 | -6.54142 | 49.87635
C6 | 0.23372 | -6.54142 | 49.87635
N6 | 0.30325 | -5.20689 | 49.89089
N6 | 0.30325 | -5.20689 | 49.89089
N1 | 1.37558 | -7.27403 | 49.88452
N1 | 1.37558 | -7.27403 | 49.88452
C2 | 1.2958 | -8.62683 | 49.86819
C2 | 1.2958 | -8.62683 | 49.86819
N3 | 0.20016 | -9.4022 | 49.87666
N3 | 0.20016 | -9.4022 | 49.87666
C4 | -0.92465 | -8.64889 | 49.85011
C4 | -0.92465 | -8.64889 | 49.85011
