45
A_U_22-G_U_20-3ts0.pdb
P | -25.56315 | 73.29371 | 19.02825
OP1 | -26.94797 | 73.23407 | 19.532
OP2 | -24.42308 | 73.221 | 19.97129
O5' | -25.36694 | 72.0948 | 18.00888
C5' | -25.54 | 72.22857 | 16.59402
C4' | -24.47714 | 71.42014 | 15.88523
O4' | -23.28012 | 72.21175 | 15.72427
C3' | -24.06287 | 70.14749 | 16.61219
O3' | -23.95575 | 69.0957 | 15.67239
C2' | -22.73647 | 70.53889 | 17.25175
O2' | -21.87171 | 69.48765 | 17.62492
C1' | -22.17365 | 71.44987 | 16.17204
N9 | -21.14206 | 72.35967 | 16.65467
C8 | -21.21642 | 73.20748 | 17.74122
N7 | -20.13899 | 73.91511 | 17.92135
C5 | -19.29941 | 73.51096 | 16.88689
C6 | -17.98831 | 73.93591 | 16.54427
O6 | -17.28571 | 74.76614 | 17.13382
N1 | -17.51117 | 73.32371 | 15.37437
C2 | -18.21704 | 72.39742 | 14.63498
N2 | -17.60848 | 71.87203 | 13.56898
N3 | -19.44805 | 72.01017 | 14.94948
C4 | -19.92239 | 72.5856 | 16.07971
P | -27.41556 | 67.6567 | 9.73854
OP1 | -28.0689 | 67.82165 | 11.06644
OP2 | -28.04885 | 66.81362 | 8.69647
O5' | -27.13625 | 69.13502 | 9.16889
C5' | -28.06458 | 70.21635 | 9.36307
C4' | -27.50939 | 71.3262 | 10.24472
O4' | -26.29199 | 70.89653 | 10.89901
C3' | -27.17347 | 72.63634 | 9.53584
O3' | -28.20775 | 73.59226 | 9.75024
C2' | -25.82518 | 73.11277 | 10.10287
O2' | -25.91681 | 74.18305 | 11.03887
C1' | -25.26559 | 71.87124 | 10.78398
N9 | -24.09557 | 71.23341 | 10.18312
C8 | -24.05992 | 70.49376 | 9.03221
N7 | -22.90708 | 69.90123 | 8.81038
C5 | -22.12825 | 70.26529 | 9.89542
C6 | -20.78805 | 69.97891 | 10.26409
N6 | -19.96312 | 69.23484 | 9.5196
N1 | -20.31896 | 70.4759 | 11.43512
C2 | -21.13513 | 71.24801 | 12.17226
N3 | -22.40822 | 71.59058 | 11.93076
C4 | -22.85381 | 71.06956 | 10.76498
