33
A_U_6-ARG_A_85-3ts0.pdb
N | -1.84425 | 2.11006 | 6.80835
CA | -1.03233 | 2.41654 | 7.98674
C | 0.44339 | 2.18012 | 7.82114
O | 0.86965 | 1.19336 | 7.22677
CB | -1.53142 | 1.62926 | 9.21148
CG | -2.98182 | 1.91158 | 9.58594
CD | -3.48327 | 0.91775 | 10.59214
NE | -3.52145 | -0.45569 | 10.09764
CZ | -4.44706 | -0.91399 | 9.26317
NH1 | -5.38097 | -0.09427 | 8.78171
NH2 | -4.43501 | -2.18825 | 8.88257
P | -6.4501 | -0.403 | 0.15984
OP1 | -7.71563 | -0.94425 | 0.7264
OP2 | -5.81664 | 0.79541 | 0.7959
O5' | -5.31035 | -1.51581 | 0.21996
C5' | -5.45684 | -2.78912 | -0.39144
C4' | -4.12497 | -3.51007 | -0.40178
O4' | -3.06367 | -2.64972 | -0.90024
C3' | -3.66935 | -4.01297 | 0.95523
O3' | -3.08844 | -5.27672 | 0.74882
C2' | -2.60241 | -3.00172 | 1.38426
O2' | -1.64387 | -3.61683 | 2.22699
C1' | -2.01193 | -2.52831 | 0.04826
N9 | -1.52906 | -1.1369 | 0.03719
C8 | -2.27991 | 0.02025 | 0.0073
N7 | -1.59602 | 1.15334 | -0.00244
C5 | -0.29005 | 0.70454 | -0.0161
C6 | 0.93662 | 1.40901 | 0.0
N6 | 1.00614 | 2.74355 | 0.01455
N1 | 2.07848 | 0.6764 | 0.00817
C2 | 1.99869 | -0.67639 | -0.00816
N3 | 0.90306 | -1.45176 | 0.00031
C4 | -0.22176 | -0.69846 | -0.02624
