33
A_U_10-PHE_A_73-3ts0.pdb
N | 3.84973 | -2.48423 | -4.38616
CA | 2.49433 | -1.98528 | -4.6551
C | 2.52587 | -0.90773 | -5.72694
O | 3.42236 | -0.0654 | -5.72339
CB | 1.85879 | -1.40346 | -3.37747
CG | 0.51662 | -0.72128 | -3.56247
CD1 | 0.44155 | 0.63162 | -3.88236
CD2 | -0.6677 | -1.4306 | -3.41422
CE1 | -0.7975 | 1.25056 | -4.08026
CE2 | -1.90291 | -0.79847 | -3.56519
CZ | -1.96049 | 0.53145 | -3.91384
P | -6.39191 | -0.45468 | 0.18475
OP1 | -7.73665 | -0.8087 | -0.33214
OP2 | -6.15057 | 0.20754 | 1.49783
O5' | -5.47047 | -1.76321 | 0.2139
C5' | -5.32031 | -2.70639 | -0.84633
C4' | -4.00664 | -3.45825 | -0.70413
O4' | -2.90972 | -2.5948 | -1.08211
C3' | -3.64516 | -4.01173 | 0.66998
O3' | -3.05452 | -5.27507 | 0.46195
C2' | -2.63029 | -3.01354 | 1.22899
O2' | -1.69242 | -3.61116 | 2.09803
C1' | -1.95956 | -2.50403 | -0.04008
N9 | -1.51159 | -1.12152 | 0.00677
C8 | -2.29147 | 0.00813 | -0.01148
N7 | -1.60579 | 1.13118 | 0.03859
C5 | -0.29365 | 0.6985 | 0.00648
C6 | 0.93445 | 1.38946 | 0.0
N6 | 1.02657 | 2.72717 | 0.00496
N1 | 2.07109 | 0.66491 | -0.00897
C2 | 1.99802 | -0.6649 | 0.00898
N3 | 0.91122 | -1.42409 | -0.01971
C4 | -0.21224 | -0.68163 | -0.02064
