42
A_U_6-C_U_16-3ts0.pdb
P | -39.10256 | -3.68459 | -2.52352
OP1 | -39.87905 | -4.64929 | -3.34931
OP2 | -39.53387 | -2.25163 | -2.47208
O5' | -39.11716 | -4.1439 | -0.99715
C5' | -38.65325 | -5.42021 | -0.58193
C4' | -38.53607 | -5.45788 | 0.92757
O4' | -37.82351 | -4.29401 | 1.43022
C3' | -39.8628 | -5.50042 | 1.66239
O3' | -39.70207 | -6.38263 | 2.74544
C2' | -40.05052 | -4.06726 | 2.1682
O2' | -40.81424 | -4.05658 | 3.3615
C1' | -38.60984 | -3.57702 | 2.37265
N9 | -38.40412 | -2.13504 | 2.15423
C8 | -38.36407 | -1.45732 | 0.95309
N7 | -38.15763 | -0.15238 | 1.03193
C5 | -38.0149 | 0.03767 | 2.39233
C6 | -37.80309 | 1.21278 | 3.15096
N6 | -37.68234 | 2.42234 | 2.59564
N1 | -37.73025 | 1.08201 | 4.49938
C2 | -37.85232 | -0.14853 | 5.05397
N3 | -38.07784 | -1.32362 | 4.4457
C4 | -38.12835 | -1.1696 | 3.10142
P | -30.10052 | -1.24956 | 11.07241
OP1 | -29.33969 | -1.63776 | 12.27992
OP2 | -29.8458 | 0.05 | 10.39546
O5' | -29.9477 | -2.42835 | 10.01055
C5' | -29.1681 | -2.30241 | 8.84078
C4' | -29.68845 | -3.29168 | 7.81898
O4' | -31.00867 | -2.87335 | 7.38574
C3' | -28.86481 | -3.29972 | 6.5444
O3' | -27.78116 | -4.18853 | 6.59321
C2' | -29.87962 | -3.55375 | 5.44196
O2' | -30.23029 | -4.91712 | 5.25497
C1' | -31.03799 | -2.71528 | 5.97823
N1 | -31.00643 | -1.23487 | 5.59148
C2 | -31.2452 | -0.86022 | 4.24323
O2 | -31.47965 | -1.71973 | 3.37701
N3 | -31.2728 | 0.46638 | 3.91921
C4 | -31.06131 | 1.39699 | 4.8577
N4 | -31.0933 | 2.66447 | 4.46903
C5 | -30.80903 | 1.05397 | 6.22647
C6 | -30.79963 | -0.25301 | 6.54307
