42
A_U_15-U_U_5-3ts0.pdb
P | -34.21741 | 0.86588 | -15.69705
OP1 | -34.60678 | 0.79048 | -17.13493
OP2 | -34.92947 | 1.8245 | -14.81075
O5' | -34.38641 | -0.59285 | -15.04885
C5' | -33.73351 | -1.72602 | -15.6824
C4' | -33.68038 | -2.93718 | -14.77429
O4' | -32.97029 | -2.57607 | -13.57681
C3' | -35.03749 | -3.40143 | -14.26913
O3' | -35.73424 | -4.19604 | -15.23875
C2' | -34.68907 | -4.07635 | -12.93598
O2' | -34.2258 | -5.42129 | -12.92572
C1' | -33.56189 | -3.19586 | -12.45443
N1 | -33.97326 | -2.23623 | -11.38935
C2 | -34.23024 | -2.74265 | -10.11579
O2 | -34.15685 | -3.92929 | -9.80389
N3 | -34.60074 | -1.78766 | -9.19445
C4 | -34.76316 | -0.43044 | -9.40175
O4 | -35.09846 | 0.25627 | -8.44526
C5 | -34.4857 | 0.03459 | -10.74104
C6 | -34.10902 | -0.87221 | -11.66443
P | -39.06902 | -4.26125 | 2.50958
OP1 | -39.96511 | -5.28689 | 3.08019
OP2 | -38.44175 | -3.24862 | 3.39533
O5' | -37.93659 | -5.07209 | 1.72866
C5' | -36.80402 | -4.49535 | 1.08771
C4' | -36.46399 | -5.35328 | -0.1164
O4' | -37.17551 | -4.89163 | -1.301
C3' | -35.00856 | -5.36666 | -0.55627
O3' | -34.20995 | -6.16817 | 0.29573
C2' | -35.16653 | -5.89651 | -1.9824
O2' | -35.52038 | -7.27389 | -2.05821
C1' | -36.34289 | -5.04381 | -2.44034
N9 | -36.06536 | -3.72244 | -3.0166
C8 | -36.21688 | -2.49817 | -2.40694
N7 | -36.0071 | -1.4604 | -3.1876
C5 | -35.71599 | -2.0426 | -4.40966
C6 | -35.40884 | -1.4955 | -5.67851
N6 | -35.35256 | -0.18207 | -5.91413
N1 | -35.16079 | -2.35297 | -6.69874
C2 | -35.26619 | -3.67752 | -6.48201
N3 | -35.57379 | -4.30899 | -5.34163
C4 | -35.76535 | -3.4349 | -4.32916
