42
A_U_6-U_U_5-3ts0.pdb
P | -33.41129 | 4.04358 | -2.08337
OP1 | -34.10587 | 4.81511 | -3.1544
OP2 | -33.88334 | 4.18084 | -0.67987
O5' | -33.48121 | 2.48372 | -2.45561
C5' | -33.01747 | 2.04908 | -3.76243
C4' | -32.80644 | 0.55046 | -3.82562
O4' | -31.84221 | 0.185 | -2.82299
C3' | -34.03533 | -0.27085 | -3.46819
O3' | -34.95068 | -0.38336 | -4.56659
C2' | -33.42703 | -1.57346 | -2.93209
O2' | -33.0151 | -2.58669 | -3.84162
C1' | -32.19506 | -1.04952 | -2.23535
N1 | -32.33489 | -0.98703 | -0.75176
C2 | -32.32488 | -2.18745 | -0.04227
O2 | -32.22282 | -3.30231 | -0.54968
N3 | -32.4562 | -2.03678 | 1.3209
C4 | -32.61703 | -0.86109 | 2.03032
O4 | -32.71481 | -0.93894 | 3.2482
C5 | -32.62264 | 0.34895 | 1.2412
C6 | -32.48422 | 0.23812 | -0.09498
P | -36.5184 | -0.5464 | -4.27611
OP1 | -37.22659 | -0.36598 | -5.57281
OP2 | -36.95741 | 0.24807 | -3.08525
O5' | -36.64715 | -2.0606 | -3.79487
C5' | -36.2116 | -3.15219 | -4.59194
C4' | -36.20917 | -4.42198 | -3.76648
O4' | -35.5409 | -4.22011 | -2.49068
C3' | -37.58768 | -4.96997 | -3.44801
O3' | -37.50648 | -6.36945 | -3.55743
C2' | -37.81827 | -4.5638 | -1.98962
O2' | -38.67037 | -5.49284 | -1.34295
C1' | -36.39899 | -4.5419 | -1.40409
N9 | -36.18236 | -3.559 | -0.32876
C8 | -36.05367 | -2.19025 | -0.44535
N7 | -35.8584 | -1.52938 | 0.68461
C5 | -35.81997 | -2.54928 | 1.61494
C6 | -35.67047 | -2.52122 | 3.0214
N6 | -35.51218 | -1.38759 | 3.71121
N1 | -35.69969 | -3.70852 | 3.67722
C2 | -35.85916 | -4.85333 | 2.96964
N3 | -36.03375 | -5.0042 | 1.64735
C4 | -35.98265 | -3.8085 | 1.01406
