44
A_U_10-A_U_10-3ts0.pdb
P | 22.89823 | 9.39435 | 10.07718
P | 22.89823 | 9.39435 | 10.07718
OP1 | 21.55349 | 9.04032 | 9.56029
OP1 | 21.55349 | 9.04032 | 9.56029
OP2 | 23.13957 | 10.05656 | 11.39026
OP2 | 23.13957 | 10.05656 | 11.39026
O5' | 23.81967 | 8.08582 | 10.10633
O5' | 23.81967 | 8.08582 | 10.10633
C5' | 23.96983 | 7.14263 | 9.04609
C5' | 23.96983 | 7.14263 | 9.04609
C4' | 25.2835 | 6.39078 | 9.1883
C4' | 25.2835 | 6.39078 | 9.1883
O4' | 26.38041 | 7.25422 | 8.81032
O4' | 26.38041 | 7.25422 | 8.81032
C3' | 25.64498 | 5.8373 | 10.56241
C3' | 25.64498 | 5.8373 | 10.56241
O3' | 26.23562 | 4.57396 | 10.35438
O3' | 26.23562 | 4.57396 | 10.35438
C2' | 26.65984 | 6.83548 | 11.12142
C2' | 26.65984 | 6.83548 | 11.12142
O2' | 27.59771 | 6.23787 | 11.99046
O2' | 27.59771 | 6.23787 | 11.99046
C1' | 27.33057 | 7.345 | 9.85235
C1' | 27.33057 | 7.345 | 9.85235
N9 | 27.77855 | 8.72751 | 9.8992
N9 | 27.77855 | 8.72751 | 9.8992
C8 | 26.99867 | 9.85715 | 9.88095
C8 | 26.99867 | 9.85715 | 9.88095
N7 | 27.68435 | 10.98021 | 9.93102
N7 | 27.68435 | 10.98021 | 9.93102
C5 | 28.99649 | 10.54753 | 9.89891
C5 | 28.99649 | 10.54753 | 9.89891
C6 | 30.22458 | 11.23849 | 9.89243
C6 | 30.22458 | 11.23849 | 9.89243
N6 | 30.31671 | 12.5762 | 9.89739
N6 | 30.31671 | 12.5762 | 9.89739
N1 | 31.36123 | 10.51394 | 9.88346
N1 | 31.36123 | 10.51394 | 9.88346
C2 | 31.28816 | 9.18413 | 9.90141
C2 | 31.28816 | 9.18413 | 9.90141
N3 | 30.20136 | 8.42494 | 9.87272
N3 | 30.20136 | 8.42494 | 9.87272
C4 | 29.0779 | 9.1674 | 9.87179
C4 | 29.0779 | 9.1674 | 9.87179
