45
A_U_10-G_U_9-3ts0.pdb
P | 12.88344 | 16.43508 | 17.55747
OP1 | 13.44917 | 17.51516 | 16.7158
OP2 | 13.70848 | 15.27118 | 17.98224
O5' | 12.20595 | 17.12118 | 18.80776
C5' | 11.55063 | 16.42733 | 19.83408
C4' | 11.28678 | 17.39021 | 20.97025
O4' | 12.47779 | 17.66505 | 21.74877
C3' | 10.75623 | 18.75965 | 20.59165
O3' | 9.83857 | 19.02272 | 21.61668
C2' | 11.99684 | 19.66771 | 20.64392
O2' | 11.7515 | 21.03584 | 20.90928
C1' | 12.74418 | 19.05655 | 21.81236
N9 | 14.19267 | 19.21303 | 21.89041
C8 | 14.8916 | 19.44356 | 23.05161
N7 | 16.18713 | 19.39917 | 22.92444
C5 | 16.36895 | 19.04118 | 21.59686
C6 | 17.56284 | 18.82931 | 20.85097
O6 | 18.73129 | 18.86694 | 21.22357
N1 | 17.32759 | 18.53529 | 19.51285
C2 | 16.07556 | 18.42988 | 18.96141
N2 | 16.04371 | 18.07933 | 17.67544
N3 | 14.94809 | 18.62922 | 19.64004
C4 | 15.15169 | 18.90092 | 20.95549
P | 8.37346 | 19.56455 | 21.32521
OP1 | 7.75145 | 18.67176 | 20.31682
OP2 | 8.47819 | 21.04387 | 21.17827
O5' | 7.66149 | 19.34613 | 22.74209
C5' | 7.38153 | 18.08796 | 23.35437
C4' | 7.23778 | 18.25156 | 24.85896
O4' | 8.5418 | 18.44818 | 25.45269
C3' | 6.37024 | 19.39502 | 25.3738
O3' | 5.65846 | 18.90212 | 26.48672
C2' | 7.36965 | 20.47439 | 25.79204
O2' | 6.90439 | 21.27034 | 26.86066
C1' | 8.57491 | 19.64153 | 26.20881
N9 | 9.86912 | 20.25972 | 25.96995
C8 | 10.48724 | 20.45806 | 24.76031
N7 | 11.66352 | 21.04287 | 24.85131
C5 | 11.85165 | 21.15695 | 26.21569
C6 | 12.9159 | 21.66231 | 26.98879
N6 | 14.04689 | 22.14762 | 26.45652
N1 | 12.7847 | 21.65798 | 28.33035
C2 | 11.65853 | 21.20052 | 28.8749
N3 | 10.60974 | 20.67108 | 28.26004
C4 | 10.76498 | 20.67547 | 26.9224
