40
C_U_16-C_U_16-3ts0.pdb
P | -0.55036 | -3.85789 | -56.99742
P | -0.55036 | -3.85789 | -56.99742
OP1 | -1.93087 | -3.8583 | -56.46654
OP1 | -1.93087 | -3.8583 | -56.46654
OP2 | 0.39572 | -2.76061 | -56.6614
OP2 | 0.39572 | -2.76061 | -56.6614
O5' | 0.11269 | -5.25418 | -56.60852
O5' | 0.11269 | -5.25418 | -56.60852
C5' | 1.1194 | -5.37115 | -55.62625
C5' | 1.1194 | -5.37115 | -55.62625
C4' | 1.91232 | -6.62943 | -55.91171
C4' | 1.91232 | -6.62943 | -55.91171
O4' | 2.66451 | -6.44587 | -57.13898
O4' | 2.66451 | -6.44587 | -57.13898
C3' | 2.97471 | -6.89883 | -54.86206
C3' | 2.97471 | -6.89883 | -54.86206
O3' | 2.50154 | -7.65373 | -53.77905
O3' | 2.50154 | -7.65373 | -53.77905
C2' | 4.12736 | -7.5103 | -55.64131
C2' | 4.12736 | -7.5103 | -55.64131
O2' | 3.99939 | -8.89964 | -55.90605
O2' | 3.99939 | -8.89964 | -55.90605
C1' | 4.04563 | -6.65907 | -56.90668
C1' | 4.04563 | -6.65907 | -56.90668
N1 | 4.80408 | -5.33099 | -56.8504
N1 | 4.80408 | -5.33099 | -56.8504
C2 | 6.22359 | -5.33743 | -56.84185
C2 | 6.22359 | -5.33743 | -56.84185
O2 | 6.85428 | -6.4074 | -56.88036
O2 | 6.85428 | -6.4074 | -56.88036
N3 | 6.89158 | -4.14608 | -56.85053
N3 | 6.89158 | -4.14608 | -56.85053
C4 | 6.21549 | -2.9909 | -56.85053
C4 | 6.21549 | -2.9909 | -56.85053
N4 | 6.92963 | -1.87349 | -56.84937
N4 | 6.92963 | -1.87349 | -56.84937
C5 | 4.78268 | -2.94761 | -56.85072
C5 | 4.78268 | -2.94761 | -56.85072
C6 | 4.13016 | -4.12348 | -56.85913
C6 | 4.13016 | -4.12348 | -56.85913
