43
C_U_18-G_U_3-3ts0.pdb
P | -3.15786 | 9.84432 | -64.35576
OP1 | -1.97344 | 10.03449 | -65.22228
OP2 | -4.34442 | 10.7182 | -64.55137
O5' | -3.71924 | 8.35534 | -64.53079
C5' | -2.88834 | 7.22933 | -64.27991
C4' | -3.6998 | 5.95992 | -64.10049
O4' | -4.52015 | 6.00044 | -62.89085
C3' | -4.68498 | 5.54834 | -65.19937
O3' | -4.11315 | 5.09607 | -66.43327
C2' | -5.37347 | 4.4274 | -64.43508
O2' | -4.56961 | 3.25494 | -64.34569
C1' | -5.61609 | 5.11294 | -63.07861
N9 | -6.88738 | 5.85634 | -63.07412
C8 | -7.09983 | 7.22073 | -63.16059
N7 | -8.36225 | 7.5735 | -63.1807
C5 | -9.03585 | 6.35849 | -63.15872
C6 | -10.43046 | 6.07277 | -63.1744
O6 | -11.36163 | 6.89448 | -63.18437
N1 | -10.70304 | 4.69382 | -63.14333
C2 | -9.73488 | 3.70817 | -63.08286
N2 | -10.13249 | 2.43383 | -63.01372
N3 | -8.43238 | 3.96324 | -63.04552
C4 | -8.14797 | 5.29684 | -63.10296
P | -15.54741 | -0.4858 | -58.31603
OP1 | -16.12861 | -1.54984 | -57.44971
OP2 | -15.91634 | 0.92875 | -58.07459
O5' | -13.95387 | -0.61125 | -58.29354
C5' | -13.32866 | -1.7337 | -58.92978
C4' | -11.89935 | -1.4058 | -59.28151
O4' | -11.85074 | -0.26944 | -60.16319
C3' | -11.15393 | -0.89417 | -58.08249
O3' | -10.81439 | -1.99388 | -57.26269
C2' | -10.0204 | -0.05504 | -58.67793
O2' | -8.92659 | -0.80245 | -59.17429
C1' | -10.75997 | 0.57616 | -59.83972
N1 | -11.21179 | 2.01449 | -59.72606
C2 | -10.29261 | 3.08648 | -59.8103
O2 | -9.08105 | 2.84882 | -59.91451
N3 | -10.76418 | 4.37866 | -59.80743
C4 | -12.0844 | 4.62861 | -59.74998
N4 | -12.51864 | 5.89913 | -59.75274
C5 | -13.02971 | 3.55532 | -59.65373
C6 | -12.55707 | 2.29448 | -59.66237
