43
C_U_17-G_U_2-3ts0.pdb
P | -3.78196 | 10.40451 | -61.67284
OP1 | -2.80611 | 11.17633 | -62.47754
OP2 | -5.19198 | 10.4248 | -62.11346
O5' | -3.31197 | 8.888 | -61.58276
C5' | -1.96224 | 8.54665 | -61.32907
C4' | -1.84744 | 7.06981 | -61.0408
O4' | -2.69299 | 6.74789 | -59.90586
C3' | -2.37452 | 6.14422 | -62.12127
O3' | -1.54341 | 6.04969 | -63.25294
C2' | -2.53226 | 4.86918 | -61.31021
O2' | -1.31894 | 4.22739 | -60.97849
C1' | -3.21183 | 5.4301 | -60.06034
N9 | -4.68466 | 5.43037 | -60.17676
C8 | -5.51182 | 6.5026 | -60.45175
N7 | -6.77433 | 6.20881 | -60.54101
C5 | -6.79909 | 4.83496 | -60.33625
C6 | -7.9036 | 3.934 | -60.33526
O6 | -9.09651 | 4.19644 | -60.58493
N1 | -7.4946 | 2.60212 | -60.14542
C2 | -6.18484 | 2.20655 | -59.96018
N2 | -5.98146 | 0.91707 | -59.72568
N3 | -5.1478 | 3.03351 | -59.93475
C4 | -5.52242 | 4.33454 | -60.12662
P | -19.13143 | -1.53208 | -61.46799
OP1 | -20.04567 | -2.17337 | -60.49561
OP2 | -19.00573 | -0.04843 | -61.47427
O5' | -17.63032 | -2.07963 | -61.30906
C5' | -17.40995 | -3.47841 | -61.30773
C4' | -16.06688 | -3.83647 | -61.90111
O4' | -15.7487 | -2.99499 | -63.02764
C3' | -14.90421 | -3.57052 | -60.98585
O3' | -14.85836 | -4.54264 | -60.00203
C2' | -13.74127 | -3.58566 | -61.96622
O2' | -13.3443 | -4.83537 | -62.48415
C1' | -14.35174 | -2.75916 | -63.07566
N1 | -14.04494 | -1.27644 | -63.01058
C2 | -12.73053 | -0.82787 | -63.22643
O2 | -11.83016 | -1.66329 | -63.41933
N3 | -12.48742 | 0.52801 | -63.22259
C4 | -13.48608 | 1.40227 | -63.03072
N4 | -13.2042 | 2.70114 | -63.06121
C5 | -14.82935 | 0.96122 | -62.80772
C6 | -15.05634 | -0.36377 | -62.8075
