40
C_U_17-C_U_17-3ts0.pdb
P | -1.72221 | 0.95398 | -59.7774
P | -1.72221 | 0.95398 | -59.7774
OP1 | -2.93113 | 0.72186 | -58.95446
OP1 | -2.93113 | 0.72186 | -58.95446
OP2 | -1.11214 | 2.31202 | -59.80136
OP2 | -1.11214 | 2.31202 | -59.80136
O5' | -0.52895 | -0.03462 | -59.35647
O5' | -0.52895 | -0.03462 | -59.35647
C5' | -0.78772 | -1.42482 | -59.28196
C5' | -0.78772 | -1.42482 | -59.28196
C4' | 0.43296 | -2.24351 | -59.63383
C4' | 0.43296 | -2.24351 | -59.63383
O4' | 1.17588 | -1.64234 | -60.71321
O4' | 1.17588 | -1.64234 | -60.71321
C3' | 1.46831 | -2.29547 | -58.54498
C3' | 1.46831 | -2.29547 | -58.54498
O3' | 1.04241 | -3.14877 | -57.54224
O3' | 1.04241 | -3.14877 | -57.54224
C2' | 2.69241 | -2.76337 | -59.31725
C2' | 2.69241 | -2.76337 | -59.31725
O2' | 2.72477 | -4.11132 | -59.72906
O2' | 2.72477 | -4.11132 | -59.72906
C1' | 2.56267 | -1.87499 | -60.53405
C1' | 2.56267 | -1.87499 | -60.53405
N1 | 3.33055 | -0.57064 | -60.4575
N1 | 3.33055 | -0.57064 | -60.4575
C2 | 4.73592 | -0.58935 | -60.46307
C2 | 4.73592 | -0.58935 | -60.46307
O2 | 5.32635 | -1.68337 | -60.48147
O2 | 5.32635 | -1.68337 | -60.48147
N3 | 5.4115 | 0.61108 | -60.45418
N3 | 5.4115 | 0.61108 | -60.45418
C4 | 4.74254 | 1.77338 | -60.45418
C4 | 4.74254 | 1.77338 | -60.45418
N4 | 5.44043 | 2.90481 | -60.47118
N4 | 5.44043 | 2.90481 | -60.47118
C5 | 3.31171 | 1.80909 | -60.44657
C5 | 3.31171 | 1.80909 | -60.44657
C6 | 2.66078 | 0.6329 | -60.44957
C6 | 2.66078 | 0.6329 | -60.44957
