43
C_U_18-G_U_4-3ts0.pdb
P | -3.71767 | 8.1203 | -64.39089
OP1 | -2.74573 | 8.40149 | -65.47944
OP2 | -4.9169 | 8.99491 | -64.21318
O5' | -4.30308 | 6.63836 | -64.61459
C5' | -3.54433 | 5.45711 | -64.3285
C4' | -4.42574 | 4.25418 | -64.03388
O4' | -5.26801 | 4.45872 | -62.86911
C3' | -5.39341 | 3.84784 | -65.13536
O3' | -4.724 | 3.16412 | -66.18687
C2' | -6.36765 | 2.98363 | -64.34086
O2' | -5.87151 | 1.69195 | -64.05454
C1' | -6.50454 | 3.79697 | -63.058
N9 | -7.59799 | 4.77897 | -63.07291
C8 | -7.50116 | 6.1535 | -63.09227
N7 | -8.64479 | 6.78394 | -63.09226
C5 | -9.57051 | 5.75813 | -63.0718
C6 | -10.98474 | 5.81936 | -63.02577
O6 | -11.69106 | 6.83766 | -62.98491
N1 | -11.58227 | 4.5586 | -62.99703
C2 | -10.87577 | 3.37792 | -62.99743
N2 | -11.59584 | 2.24734 | -62.98709
N3 | -9.54697 | 3.30496 | -62.99489
C4 | -8.95381 | 4.52688 | -63.04525
P | -12.4712 | -0.6378 | -55.19259
OP1 | -12.75221 | -1.84733 | -54.36883
OP2 | -13.20188 | 0.61952 | -54.90867
O5' | -10.90133 | -0.33821 | -55.15576
C5' | -9.99984 | -1.23242 | -55.82156
C4' | -8.70739 | -0.52619 | -56.1456
O4' | -8.95907 | 0.61277 | -56.98849
C3' | -8.12685 | 0.12195 | -54.92169
O3' | -7.5104 | -0.8769 | -54.13492
C2' | -7.25433 | 1.25124 | -55.47576
O2' | -6.00053 | 0.83747 | -55.9839
C1' | -8.13174 | 1.70478 | -56.62449
N1 | -8.94833 | 2.96758 | -56.46846
C2 | -8.34539 | 4.24671 | -56.50642
O2 | -7.11387 | 4.34162 | -56.60437
N3 | -9.14208 | 5.36732 | -56.46617
C4 | -10.48152 | 5.25717 | -56.41581
N4 | -11.23647 | 6.36697 | -56.38148
C5 | -11.10935 | 3.96946 | -56.36619
C6 | -10.3199 | 2.87954 | -56.41115
