40
C_U_16-U_U_5-3ts0.pdb
P | 21.05987 | -50.82837 | -19.75568
OP1 | 20.90476 | -52.11315 | -19.014
OP2 | 22.3785 | -50.50566 | -20.36277
O5' | 19.97332 | -50.7903 | -20.9366
C5' | 18.57388 | -51.01323 | -20.61475
C4' | 17.65321 | -50.59086 | -21.74097
O4' | 17.87272 | -49.19468 | -22.00753
C3' | 17.9407 | -51.26727 | -23.07223
O3' | 17.37648 | -52.58387 | -23.14458
C2' | 17.4367 | -50.23646 | -24.09087
O2' | 16.05297 | -50.18456 | -24.41672
C1' | 17.7962 | -48.94618 | -23.39543
N1 | 19.01473 | -48.29186 | -23.95359
C2 | 18.91658 | -47.68475 | -25.20508
O2 | 17.89982 | -47.65872 | -25.89523
N3 | 20.08672 | -47.10336 | -25.64205
C4 | 21.31171 | -47.08302 | -25.00144
O4 | 22.23727 | -46.5076 | -25.55921
C5 | 21.35248 | -47.73026 | -23.71057
C6 | 20.22151 | -48.299 | -23.24769
P | 17.40061 | -39.86664 | -32.99383
OP1 | 16.79048 | -38.86829 | -33.89864
OP2 | 18.50403 | -39.48667 | -32.07183
O5' | 16.2229 | -40.53123 | -32.15015
C5' | 16.0315 | -40.27245 | -30.77595
C4' | 15.27514 | -41.44004 | -30.17749
O4' | 16.13342 | -42.6101 | -30.17946
C3' | 14.94058 | -41.22764 | -28.71258
O3' | 13.72093 | -40.56405 | -28.51567
C2' | 15.04664 | -42.61331 | -28.09743
O2' | 13.89904 | -43.43229 | -28.26777
C1' | 16.25962 | -43.1305 | -28.8679
N1 | 17.61894 | -42.77129 | -28.26341
C2 | 18.02415 | -43.37867 | -27.04602
O2 | 17.28865 | -44.19714 | -26.46876
N3 | 19.26299 | -43.09621 | -26.54492
C4 | 20.07469 | -42.24631 | -27.18552
N4 | 21.25857 | -42.01199 | -26.63588
C5 | 19.69451 | -41.60902 | -28.41196
C6 | 18.48038 | -41.90366 | -28.90953
