43
C_U_16-G_U_4-3ts0.pdb
P | 3.13789 | 4.03144 | -58.66098
OP1 | 3.94664 | 4.67227 | -59.73053
OP2 | 1.6567 | 4.22943 | -58.62166
O5' | 3.3504 | 2.43961 | -58.76014
C5' | 4.55292 | 1.79266 | -58.32623
C4' | 4.32964 | 0.3368 | -57.95029
O4' | 3.39654 | 0.18792 | -56.84797
C3' | 3.76947 | -0.55873 | -59.04529
O3' | 4.76997 | -0.90416 | -59.99448
C2' | 3.26131 | -1.72979 | -58.21004
O2' | 4.2866 | -2.59977 | -57.77589
C1' | 2.64556 | -0.99889 | -57.0215
N9 | 1.22208 | -0.66906 | -57.17995
C8 | 0.6537 | 0.57708 | -57.33217
N7 | -0.64749 | 0.5766 | -57.44284
C5 | -0.97074 | -0.76434 | -57.35896
C6 | -2.2415 | -1.3894 | -57.37846
O6 | -3.34819 | -0.83751 | -57.46889
N1 | -2.16631 | -2.77684 | -57.2492
C2 | -0.98555 | -3.46778 | -57.10235
N2 | -1.07806 | -4.80181 | -57.00949
N3 | 0.21193 | -2.89087 | -57.03697
C4 | 0.15324 | -1.54091 | -57.18403
P | -10.89464 | -7.94937 | -56.26198
OP1 | -11.96573 | -8.68504 | -55.55545
OP2 | -10.65932 | -6.50478 | -55.99778
O5' | -9.53443 | -8.74845 | -56.03449
C5' | -8.50155 | -8.27041 | -55.19983
C4' | -7.2012 | -8.90277 | -55.65005
O4' | -6.84595 | -8.37551 | -56.95445
C3' | -6.03026 | -8.52032 | -54.76369
O3' | -5.86423 | -9.37922 | -53.6676
C2' | -4.85036 | -8.42897 | -55.71723
O2' | -4.23939 | -9.67148 | -56.03286
C1' | -5.55363 | -7.79639 | -56.91626
N1 | -5.63744 | -6.26844 | -56.89275
C2 | -4.45617 | -5.50158 | -57.07068
O2 | -3.35847 | -6.05704 | -57.2456
N3 | -4.54973 | -4.13939 | -57.10654
C4 | -5.73657 | -3.53827 | -56.95948
N4 | -5.75044 | -2.21271 | -56.99541
C5 | -6.9477 | -4.28123 | -56.76969
C6 | -6.85205 | -5.62252 | -56.75198
