40
C_U_18-C_U_17-3ts0.pdb
P | -4.03079 | 7.4619 | -62.88301
OP1 | -5.24971 | 7.49168 | -62.04281
OP2 | -3.09116 | 8.61605 | -62.83722
O5' | -3.12865 | 6.17339 | -62.56007
C5' | -3.73664 | 4.89455 | -62.56742
C4' | -2.7725 | 3.8162 | -63.00529
O4' | -1.91126 | 4.27957 | -64.06452
C3' | -1.77396 | 3.425 | -61.95166
O3' | -2.39484 | 2.64248 | -60.99397
C2' | -0.72049 | 2.713 | -62.78655
O2' | -1.04158 | 1.43374 | -63.28453
C1' | -0.62966 | 3.68681 | -63.93985
N1 | 0.44964 | 4.74174 | -63.80168
C2 | 1.80242 | 4.36321 | -63.84811
O2 | 2.09024 | 3.15824 | -63.95315
N3 | 2.76499 | 5.34633 | -63.78148
C4 | 2.41873 | 6.63856 | -63.6882
N4 | 3.38477 | 7.55122 | -63.65245
C5 | 1.04576 | 7.03986 | -63.63793
C6 | 0.11332 | 6.07337 | -63.69783
P | -2.0858 | 2.89092 | -59.44898
OP1 | -3.25221 | 2.39789 | -58.66356
OP2 | -1.6042 | 4.27662 | -59.24094
O5' | -0.85986 | 1.88564 | -59.24384
C5' | -0.92682 | 0.5711 | -59.81225
C4' | 0.46069 | 0.0091 | -59.99432
O4' | 1.23547 | 0.86262 | -60.85586
C3' | 1.24157 | 0.07815 | -58.71349
O3' | 0.81038 | -0.96903 | -57.86839
C2' | 2.70342 | 0.08936 | -59.16785
O2' | 3.2186 | -1.17444 | -59.54045
C1' | 2.57513 | 0.9581 | -60.40235
N1 | 3.01534 | 2.40272 | -60.33062
C2 | 4.38449 | 2.75721 | -60.30016
O2 | 5.24747 | 1.86878 | -60.26577
N3 | 4.73624 | 4.08636 | -60.34186
C4 | 3.79628 | 5.04372 | -60.43514
N4 | 4.16668 | 6.33357 | -60.47829
C5 | 2.40388 | 4.70369 | -60.45669
C6 | 2.07144 | 3.39933 | -60.42035
