40
C_U_18-C_U_18-3ts0.pdb
P | -4.44208 | 9.72506 | -62.21679
P | -4.44208 | 9.72506 | -62.21679
OP1 | -5.67329 | 9.49566 | -61.40933
OP1 | -5.67329 | 9.49566 | -61.40933
OP2 | -3.6157 | 10.92665 | -61.95479
OP2 | -3.6157 | 10.92665 | -61.95479
O5' | -3.50953 | 8.43022 | -62.12026
O5' | -3.50953 | 8.43022 | -62.12026
C5' | -3.92721 | 7.21488 | -62.75594
C5' | -3.92721 | 7.21488 | -62.75594
C4' | -2.73583 | 6.33146 | -63.02858
C4' | -2.73583 | 6.33146 | -63.02858
O4' | -1.79273 | 7.01314 | -63.87529
O4' | -1.79273 | 7.01314 | -63.87529
C3' | -1.92756 | 6.11794 | -61.78111
C3' | -1.92756 | 6.11794 | -61.78111
O3' | -2.58878 | 5.16307 | -60.9763
O3' | -2.58878 | 5.16307 | -60.9763
C2' | -0.52508 | 5.78615 | -62.29741
C2' | -0.52508 | 5.78615 | -62.29741
O2' | -0.36179 | 4.45933 | -62.76034
O2' | -0.36179 | 4.45933 | -62.76034
C1' | -0.46113 | 6.73586 | -63.47602
C1' | -0.46113 | 6.73586 | -63.47602
N1 | 0.33652 | 8.01352 | -63.34499
N1 | 0.33652 | 8.01352 | -63.34499
C2 | 1.75109 | 8.00567 | -63.35492
C2 | 1.75109 | 8.00567 | -63.35492
O2 | 2.35811 | 6.92674 | -63.40656
O2 | 2.35811 | 6.92674 | -63.40656
N3 | 2.43048 | 9.20161 | -63.33948
N3 | 2.43048 | 9.20161 | -63.33948
C4 | 1.76509 | 10.37039 | -63.33948
C4 | 1.76509 | 10.37039 | -63.33948
N4 | 2.45239 | 11.52376 | -63.32843
N4 | 2.45239 | 11.52376 | -63.32843
C5 | 0.33202 | 10.39753 | -63.31885
C5 | 0.33202 | 10.39753 | -63.31885
C6 | -0.32251 | 9.22095 | -63.33914
C6 | -0.32251 | 9.22095 | -63.33914
