40
C_U_17-C_U_16-3ts0.pdb
P | -1.99809 | 0.15258 | -60.6634
OP1 | -3.34619 | 0.48252 | -60.1521
OP2 | -0.81134 | 0.95116 | -60.25611
O5' | -1.72665 | -1.38459 | -60.34112
C5' | -0.8106 | -1.80465 | -59.35297
C4' | -0.36006 | -3.20951 | -59.69484
O4' | 0.44682 | -3.16696 | -60.90016
C3' | 0.5688 | -3.79428 | -58.64686
O3' | -0.1114 | -4.45313 | -57.61249
C2' | 1.5463 | -4.64386 | -59.44212
O2' | 1.07297 | -5.9387 | -59.78283
C1' | 1.72008 | -3.74011 | -60.66092
N1 | 2.79239 | -2.65689 | -60.52308
C2 | 4.16186 | -3.02961 | -60.49563
O2 | 4.49738 | -4.22288 | -60.583
N3 | 5.11342 | -2.05186 | -60.43122
C4 | 4.75697 | -0.7628 | -60.37834
N4 | 5.73384 | 0.13123 | -60.30747
C5 | 3.38388 | -0.3515 | -60.39565
C6 | 2.4517 | -1.31747 | -60.47608
P | 0.1411 | -3.78955 | -56.17538
OP1 | -0.96696 | -4.28086 | -55.32485
OP2 | 0.37855 | -2.32336 | -56.28005
O5' | 1.54946 | -4.41108 | -55.7186
C5' | 1.65961 | -5.81461 | -55.56654
C4' | 3.05095 | -6.30772 | -55.89083
O4' | 3.61349 | -5.59517 | -57.01075
C3' | 4.06368 | -6.03004 | -54.81495
O3' | 3.87271 | -6.90795 | -53.76242
C2' | 5.36773 | -6.20711 | -55.57776
O2' | 5.74846 | -7.52135 | -55.91749
C1' | 5.01309 | -5.45091 | -56.83834
N1 | 5.41679 | -3.99014 | -56.84192
C2 | 6.77904 | -3.64492 | -56.86561
O2 | 7.63274 | -4.54824 | -56.83367
N3 | 7.12057 | -2.31198 | -56.92996
C4 | 6.17334 | -1.36412 | -56.98284
N4 | 6.5543 | -0.09338 | -57.06967
C5 | 4.7821 | -1.69944 | -56.95767
C6 | 4.4581 | -3.0023 | -56.88908
