43
C_U_16-G_U_3-3ts0.pdb
P | 1.79708 | 5.52332 | -58.63435
OP1 | 2.79001 | 6.22463 | -59.47823
OP2 | 0.34979 | 5.69459 | -58.92735
O5' | 2.04174 | 3.94334 | -58.71579
C5' | 3.29809 | 3.38138 | -58.35941
C4' | 3.19648 | 1.88808 | -58.11075
O4' | 2.38805 | 1.58281 | -56.9313
C3' | 2.60424 | 0.9931 | -59.20425
O3' | 3.39754 | 0.81706 | -60.38482
C2' | 2.50219 | -0.28153 | -58.37989
O2' | 3.76734 | -0.90524 | -58.18186
C1' | 1.87514 | 0.26473 | -57.08481
N9 | 0.40521 | 0.29094 | -57.17119
C8 | -0.43773 | 1.37107 | -57.36345
N7 | -1.70862 | 1.06017 | -57.44547
C5 | -1.7069 | -0.32621 | -57.35381
C6 | -2.78307 | -1.25759 | -57.38841
O6 | -3.99362 | -0.99763 | -57.48521
N1 | -2.35259 | -2.59026 | -57.26419
C2 | -1.0332 | -2.9724 | -57.10398
N2 | -0.76488 | -4.27318 | -56.95305
N3 | -0.02375 | -2.11166 | -57.04817
C4 | -0.42028 | -0.81401 | -57.19501
P | -13.96167 | -7.4078 | -59.48079
OP1 | -15.18742 | -7.84517 | -58.77802
OP2 | -13.36367 | -6.07279 | -59.21218
O5' | -12.85296 | -8.53007 | -59.25336
C5' | -11.73382 | -8.3354 | -58.41573
C4' | -10.6386 | -9.27962 | -58.86564
O4' | -10.15686 | -8.85836 | -60.168
C3' | -9.41071 | -9.21292 | -57.97635
O3' | -9.47342 | -10.08814 | -56.8824
C2' | -8.2448 | -9.42564 | -58.92776
O2' | -7.97289 | -10.78269 | -59.24588
C1' | -8.75921 | -8.63085 | -60.12614
N1 | -8.44766 | -7.13272 | -60.0985
C2 | -7.10861 | -6.69473 | -60.2724
O2 | -6.19009 | -7.5132 | -60.44712
N3 | -6.84894 | -5.35415 | -60.30461
C4 | -7.8418 | -4.4686 | -60.15776
N4 | -7.51453 | -3.1839 | -60.19001
C5 | -9.20359 | -4.87584 | -59.97197
C6 | -9.45584 | -6.19671 | -59.95786
