43
C_U_17-G_U_3-3ts0.pdb
P | 0.73954 | 6.45396 | -61.70015
OP1 | 1.88168 | 6.89905 | -62.52918
OP2 | -0.61588 | 6.99219 | -61.98824
O5' | 0.57682 | 4.86562 | -61.81642
C5' | 1.64835 | 3.99649 | -61.47338
C4' | 1.17098 | 2.57256 | -61.25746
O4' | 0.30592 | 2.45665 | -60.08439
C3' | 0.37684 | 1.88023 | -62.36989
O3' | 1.10547 | 1.53446 | -63.55463
C2' | -0.04841 | 0.65558 | -61.57361
O2' | 1.01677 | -0.27212 | -61.39025
C1' | -0.52308 | 1.31489 | -60.26639
N9 | -1.93811 | 1.71412 | -60.35109
C8 | -2.47935 | 2.97628 | -60.51898
N7 | -3.78714 | 2.99898 | -60.60686
C5 | -4.13673 | 1.65566 | -60.54563
C6 | -5.41338 | 1.02794 | -60.59986
O6 | -6.51827 | 1.58782 | -60.69003
N1 | -5.33474 | -0.37264 | -60.50522
C2 | -4.15577 | -1.07961 | -60.35441
N2 | -4.22607 | -2.40887 | -60.23225
N3 | -2.96165 | -0.50377 | -60.28048
C4 | -3.01621 | 0.85483 | -60.39853
P | -13.90082 | -5.13657 | -58.855
OP1 | -14.66805 | -5.96803 | -57.89968
OP2 | -14.15862 | -3.67109 | -58.90922
O5' | -12.31948 | -5.27571 | -58.61331
C5' | -11.74902 | -6.57032 | -58.55248
C4' | -10.33111 | -6.58499 | -59.07542
O4' | -10.18282 | -5.71711 | -60.217
C3' | -9.3224 | -6.00722 | -58.12204
O3' | -9.07869 | -6.91109 | -57.10291
C2' | -8.14676 | -5.74615 | -59.05128
O2' | -7.41797 | -6.86372 | -59.50682
C1' | -8.89206 | -5.13116 | -60.21446
N1 | -8.97835 | -3.61829 | -60.18975
C2 | -7.81331 | -2.85206 | -60.3659
O2 | -6.72073 | -3.43219 | -60.49052
N3 | -7.92559 | -1.47958 | -60.40047
C4 | -9.12294 | -0.88723 | -60.28242
N4 | -9.1815 | 0.43934 | -60.34759
C5 | -10.31813 | -1.65345 | -60.10062
C6 | -10.1984 | -2.99186 | -60.06241
