42
C_U_16-A_U_15-3ts0.pdb
P | 6.17714 | 59.32353 | -2.70397
OP1 | 6.27433 | 60.18189 | -3.90158
OP2 | 4.8768 | 58.71033 | -2.33444
O5' | 7.2746 | 58.1818 | -2.90823
C5' | 7.4848 | 57.07585 | -2.0371
C4' | 8.96192 | 56.73156 | -2.07062
O4' | 9.69188 | 57.47425 | -1.05169
C3' | 9.33211 | 55.28349 | -1.79132
O3' | 9.06733 | 54.44969 | -2.90521
C2' | 10.81259 | 55.44949 | -1.44468
O2' | 11.64156 | 55.76649 | -2.55844
C1' | 10.72206 | 56.65598 | -0.51905
N9 | 10.46655 | 56.4241 | 0.90786
C8 | 9.27979 | 56.59951 | 1.5819
N7 | 9.35193 | 56.4308 | 2.88449
C5 | 10.69089 | 56.14326 | 3.08853
C6 | 11.44135 | 55.87149 | 4.25755
N6 | 10.90746 | 55.8551 | 5.48167
N1 | 12.7655 | 55.61621 | 4.11939
C2 | 13.32137 | 55.68169 | 2.89496
N3 | 12.72461 | 55.95363 | 1.72715
C4 | 11.39755 | 56.15302 | 1.88522
P | 8.76004 | 52.89451 | -2.69497
OP1 | 8.15407 | 52.41696 | -3.95687
OP2 | 8.1009 | 52.63669 | -1.3869
O5' | 10.25447 | 52.34278 | -2.64249
C5' | 10.65658 | 51.31769 | -1.7596
C4' | 12.14917 | 51.44563 | -1.53761
O4' | 12.41274 | 52.65693 | -0.78333
C3' | 12.70511 | 50.33614 | -0.66413
O3' | 13.0886 | 49.20044 | -1.392
C2' | 13.80446 | 51.00718 | 0.14264
O2' | 15.04769 | 51.13484 | -0.53174
C1' | 13.13185 | 52.35413 | 0.39909
N1 | 12.21769 | 52.40457 | 1.62547
C2 | 12.78767 | 52.3437 | 2.92414
O2 | 14.01768 | 52.25102 | 3.07439
N3 | 11.96904 | 52.44822 | 4.0125
C4 | 10.64745 | 52.58943 | 3.85443
N4 | 9.9135 | 52.67504 | 4.9556
C5 | 10.03772 | 52.64621 | 2.55834
C6 | 10.85022 | 52.55967 | 1.49023
