40
C_U_16-U_U_14-3ts0.pdb
P | -2.87378 | -0.64702 | -59.93646
OP1 | -1.84267 | 0.13782 | -59.20923
OP2 | -2.44985 | -1.28398 | -61.19426
O5' | -3.51484 | -1.7744 | -59.00398
C5' | -3.92055 | -3.08165 | -59.44399
C4' | -3.25937 | -4.14066 | -58.56442
O4' | -1.80692 | -3.99407 | -58.55582
C3' | -3.66354 | -4.19282 | -57.08926
O3' | -3.68869 | -5.56849 | -56.71417
C2' | -2.52938 | -3.44441 | -56.38839
O2' | -2.42058 | -3.81317 | -55.03613
C1' | -1.33603 | -3.90703 | -57.22753
N1 | -0.01413 | -3.17052 | -57.19527
C2 | 1.1692 | -3.90787 | -57.08888
O2 | 1.22299 | -5.13041 | -56.99297
N3 | 2.32908 | -3.16596 | -57.06276
C4 | 2.43376 | -1.79727 | -57.15816
O4 | 3.55394 | -1.28967 | -57.15594
C5 | 1.17807 | -1.10767 | -57.33929
C6 | 0.02622 | -1.80126 | -57.35834
P | -1.58654 | -8.10472 | -49.87374
OP1 | -2.73162 | -8.7632 | -49.20829
OP2 | -1.26742 | -6.67679 | -49.60692
O5' | -0.29234 | -8.98971 | -49.58687
C5' | 0.73504 | -8.57438 | -48.71279
C4' | 2.00808 | -9.2941 | -49.1063
O4' | 2.45003 | -8.80098 | -50.3975
C3' | 3.16471 | -8.98284 | -48.17445
O3' | 3.22907 | -9.84264 | -47.06843
C2' | 4.38584 | -8.97625 | -49.0792
O2' | 4.92587 | -10.2585 | -49.36363
C1' | 3.7751 | -8.30774 | -50.30905
N1 | 3.79133 | -6.77745 | -50.2962
C2 | 5.02684 | -6.09117 | -50.42912
O2 | 6.09173 | -6.71882 | -50.55623
N3 | 5.02482 | -4.72608 | -50.47522
C4 | 3.87521 | -4.04723 | -50.37981
N4 | 3.95023 | -2.72393 | -50.42253
C5 | 2.61102 | -4.70761 | -50.23637
C6 | 2.61723 | -6.05212 | -50.20843
