40
C_U_17-U_U_19-3ts0.pdb
P | 3.41786 | 10.51649 | -66.17724
OP1 | 2.18516 | 10.88426 | -65.4439
OP2 | 4.64666 | 11.33504 | -65.98467
O5' | 3.86352 | 9.00818 | -65.85354
C5' | 2.90935 | 7.97041 | -65.98678
C4' | 3.55103 | 6.6667 | -66.40237
O4' | 4.61079 | 6.88276 | -67.35558
C3' | 4.28069 | 5.96363 | -65.29172
O3' | 3.3653 | 5.37431 | -64.43744
C2' | 5.15448 | 4.99447 | -66.07338
O2' | 4.52133 | 3.88515 | -66.67015
C1' | 5.6418 | 5.93052 | -67.15642
N1 | 6.96498 | 6.60992 | -66.86577
C2 | 8.14369 | 5.84583 | -66.81832
O2 | 8.07237 | 4.61362 | -66.96795
N3 | 9.34182 | 6.49376 | -66.61295
C4 | 9.38449 | 7.82703 | -66.47497
N4 | 10.56819 | 8.40765 | -66.30409
C5 | 8.19292 | 8.61876 | -66.519
C6 | 7.02767 | 7.97748 | -66.71414
P | 5.15752 | 0.91046 | -59.68321
OP1 | 4.18174 | -0.02908 | -59.09045
OP2 | 5.21109 | 2.32062 | -59.19599
O5' | 6.58964 | 0.20901 | -59.63503
C5' | 7.32177 | 0.51648 | -58.52493
C4' | 8.74288 | 0.03098 | -58.58188
O4' | 9.44325 | 0.69118 | -59.66692
C3' | 9.33322 | 0.59376 | -57.3127
O3' | 9.22538 | -0.34521 | -56.26881
C2' | 10.72354 | 1.05902 | -57.70233
O2' | 11.72615 | 0.07417 | -57.57048
C1' | 10.52765 | 1.45228 | -59.16192
N1 | 10.40058 | 2.95948 | -59.38286
C2 | 11.56863 | 3.71638 | -59.43318
O2 | 12.68546 | 3.24499 | -59.33749
N3 | 11.40043 | 5.07835 | -59.60678
C4 | 10.21036 | 5.77497 | -59.74477
O4 | 10.2419 | 6.99809 | -59.91779
C5 | 9.03297 | 4.933 | -59.66092
C6 | 9.16353 | 3.59774 | -59.48476
