46
G_U_21-G_U_20-3ts0.pdb
P | -29.89912 | 3.46314 | -80.0719
OP1 | -31.31045 | 3.03551 | -80.09101
OP2 | -29.55546 | 4.89133 | -79.88076
O5' | -29.17075 | 2.67608 | -78.90356
C5' | -28.45627 | 1.45198 | -79.10548
C4' | -27.20823 | 1.45907 | -78.25228
O4' | -26.12834 | 2.10321 | -78.96243
C3' | -27.35513 | 2.19235 | -76.92546
O3' | -26.74084 | 1.42672 | -75.90692
C2' | -26.66512 | 3.52367 | -77.19569
O2' | -26.23233 | 4.25931 | -76.07154
C1' | -25.53742 | 3.06418 | -78.10651
N9 | -24.97181 | 4.13288 | -78.92065
C8 | -25.65469 | 5.02013 | -79.72771
N7 | -24.87774 | 5.85933 | -80.34912
C5 | -23.59953 | 5.50308 | -79.92769
C6 | -22.33166 | 6.04275 | -80.27151
O6 | -22.09585 | 6.99479 | -81.02551
N1 | -21.26893 | 5.34661 | -79.67392
C2 | -21.42068 | 4.26571 | -78.83038
N2 | -20.3123 | 3.73745 | -78.30581
N3 | -22.6064 | 3.75413 | -78.51954
C4 | -23.64433 | 4.41749 | -79.08187
P | -27.53646 | 0.40437 | -74.96398
OP1 | -28.62089 | -0.26236 | -75.7385
OP2 | -27.82508 | 1.09456 | -73.68414
O5' | -26.37945 | -0.63901 | -74.69176
C5' | -25.78663 | -1.45409 | -75.6784
C4' | -24.74556 | -2.29539 | -74.96563
O4' | -23.80624 | -1.42113 | -74.2921
C3' | -25.30309 | -3.22495 | -73.88533
O3' | -24.94545 | -4.56016 | -74.17485
C2' | -24.83017 | -2.69253 | -72.52927
O2' | -24.44423 | -3.71779 | -71.63003
C1' | -23.63858 | -1.83299 | -72.94839
N9 | -23.27234 | -0.66349 | -72.14352
C8 | -24.06793 | 0.19408 | -71.40816
N7 | -23.39624 | 1.13987 | -70.79889
C5 | -22.06903 | 0.91352 | -71.16882
C6 | -20.86467 | 1.60803 | -70.83613
O6 | -20.72365 | 2.61245 | -70.12463
N1 | -19.73186 | 1.03393 | -71.43647
C2 | -19.75861 | -0.07314 | -72.27452
N2 | -18.58973 | -0.49772 | -72.78016
N3 | -20.8726 | -0.72916 | -72.59028
C4 | -21.98623 | -0.18679 | -72.00962
