43
G_U_4-C_U_16-3ts0.pdb
P | -39.7633 | -2.38112 | -1.62098
OP1 | -40.89727 | -2.68011 | -2.53388
OP2 | -39.7403 | -1.10085 | -0.84958
O5' | -39.69422 | -3.54533 | -0.5125
C5' | -39.19825 | -4.85812 | -0.80144
C4' | -38.66969 | -5.56767 | 0.43465
O4' | -37.55476 | -4.86301 | 1.04155
C3' | -39.66199 | -5.75916 | 1.57195
O3' | -40.57258 | -6.81471 | 1.29284
C2' | -38.7059 | -6.03987 | 2.72708
O2' | -38.18551 | -7.35355 | 2.72198
C1' | -37.59933 | -5.02862 | 2.44625
N9 | -37.78712 | -3.72375 | 3.09606
C8 | -38.06844 | -2.51371 | 2.49962
N7 | -38.17418 | -1.507 | 3.32467
C5 | -37.94788 | -2.08563 | 4.55903
C6 | -37.897 | -1.48616 | 5.8412
O6 | -38.04168 | -0.28542 | 6.11472
N1 | -37.62195 | -2.40139 | 6.85809
C2 | -37.4067 | -3.74294 | 6.64111
N2 | -37.17295 | -4.49651 | 7.72477
N3 | -37.40663 | -4.31239 | 5.43829
C4 | -37.69547 | -3.43451 | 4.44161
P | -36.0646 | 1.23946 | 16.25128
OP1 | -35.28072 | 1.66064 | 17.43271
OP2 | -35.95546 | 1.97341 | 14.96233
O5' | -35.75831 | -0.30421 | 15.99884
C5' | -34.98228 | -0.75797 | 14.91077
C4' | -35.36734 | -2.19426 | 14.62392
O4' | -36.72135 | -2.2256 | 14.10301
C3' | -34.53023 | -2.81191 | 13.51903
O3' | -33.34999 | -3.40683 | 13.98784
C2' | -35.49194 | -3.73529 | 12.78948
O2' | -35.67637 | -5.00608 | 13.39594
C1' | -36.74886 | -2.86931 | 12.84135
N1 | -36.88683 | -1.85004 | 11.7081
C2 | -37.14873 | -2.30395 | 10.38882
O2 | -37.2675 | -3.51683 | 10.14612
N3 | -37.32818 | -1.38418 | 9.39512
C4 | -37.24165 | -0.07515 | 9.66066
N4 | -37.41754 | 0.75967 | 8.64541
C5 | -36.97037 | 0.41769 | 10.97913
C6 | -36.8112 | -0.49183 | 11.95686
