46
G_U_7-G_U_9-3ts0.pdb
P | -22.18957 | 18.94258 | 12.2686
OP1 | -21.9292 | 18.09123 | 11.07201
OP2 | -22.58518 | 20.36379 | 12.09076
O5' | -23.30153 | 18.23759 | 13.17869
C5' | -23.13716 | 16.96839 | 13.82269
C4' | -23.76405 | 16.97241 | 15.206
O4' | -23.04542 | 17.8976 | 16.05244
C3' | -25.19041 | 17.47259 | 15.18588
O3' | -26.04718 | 16.40401 | 15.40592
C2' | -25.28903 | 18.61278 | 16.19868
O2' | -26.32869 | 18.52279 | 17.16137
C1' | -23.94345 | 18.59004 | 16.88785
N9 | -23.39082 | 19.91068 | 17.18987
C8 | -23.28488 | 21.01349 | 16.36833
N7 | -22.68715 | 22.03571 | 16.92528
C5 | -22.40021 | 21.59194 | 18.21126
C6 | -21.75736 | 22.24548 | 19.28991
O6 | -21.30979 | 23.39311 | 19.33381
N1 | -21.63687 | 21.41631 | 20.40522
C2 | -22.10992 | 20.11987 | 20.49769
N2 | -21.9037 | 19.44999 | 21.64025
N3 | -22.70904 | 19.50013 | 19.49628
C4 | -22.82797 | 20.2887 | 18.38791
P | -30.40652 | 16.53711 | 19.42663
OP1 | -31.35561 | 16.80709 | 18.32147
OP2 | -29.23018 | 17.41622 | 19.66982
O5' | -31.25803 | 16.37149 | 20.7459
C5' | -30.7167 | 16.09717 | 22.0092
C4' | -31.80103 | 16.28777 | 23.04628
O4' | -32.05923 | 17.68639 | 23.32433
C3' | -33.16377 | 15.70768 | 22.71974
O3' | -33.59177 | 15.2225 | 23.96207
C2' | -33.97721 | 16.91858 | 22.23142
O2' | -35.37898 | 16.83294 | 22.4049
C1' | -33.42655 | 18.00842 | 23.12937
N9 | -33.48089 | 19.3954 | 22.67991
C8 | -33.76861 | 20.46802 | 23.49031
N7 | -33.61537 | 21.63212 | 22.92645
C5 | -33.11925 | 21.31907 | 21.66964
C6 | -32.74811 | 22.16307 | 20.58496
O6 | -32.73367 | 23.38829 | 20.52075
N1 | -32.34572 | 21.45885 | 19.45603
C2 | -32.282 | 20.08974 | 19.3908
N2 | -31.81326 | 19.592 | 18.24618
N3 | -32.62929 | 19.28355 | 20.39126
C4 | -33.00973 | 19.94935 | 21.5127
