46
G_U_3-G_U_4-3ts0.pdb
P | -2.09638 | 11.6023 | 57.31284
OP1 | -3.23902 | 11.20587 | 58.16554
OP2 | -1.50886 | 12.95805 | 57.47596
O5' | -0.87189 | 10.59953 | 57.55352
C5' | -1.02415 | 9.20111 | 57.34741
C4' | 0.31637 | 8.50093 | 57.22564
O4' | 1.03707 | 8.90337 | 56.0188
C3' | 1.34787 | 8.67472 | 58.34515
O3' | 1.0472 | 8.0407 | 59.59483
C2' | 2.52235 | 8.0213 | 57.63221
O2' | 2.41267 | 6.6018 | 57.58954
C1' | 2.42451 | 8.68866 | 56.24878
N9 | 3.15549 | 9.96678 | 56.2179
C8 | 2.6571 | 11.2571 | 56.24701
N7 | 3.57455 | 12.19344 | 56.25732
C5 | 4.76458 | 11.47703 | 56.28996
C6 | 6.11503 | 11.92642 | 56.32361
O6 | 6.5119 | 13.10303 | 56.30241
N1 | 7.03955 | 10.86755 | 56.35247
C2 | 6.69364 | 9.52877 | 56.33005
N2 | 7.67528 | 8.62157 | 56.31695
N3 | 5.43881 | 9.09807 | 56.27645
C4 | 4.52599 | 10.11269 | 56.27581
P | 1.57329 | 8.68691 | 60.99033
OP1 | 0.69144 | 8.20726 | 62.08621
OP2 | 1.79546 | 10.1522 | 60.79475
O5' | 3.03855 | 8.06269 | 61.21896
C5' | 3.3434 | 6.68904 | 60.9487
C4' | 4.81781 | 6.46525 | 60.65417
O4' | 5.26317 | 7.19367 | 59.47986
C3' | 5.78937 | 6.87994 | 61.7491
O3' | 5.80592 | 5.93579 | 62.81192
C2' | 7.08758 | 6.95447 | 60.9514
O2' | 7.65569 | 5.68968 | 60.67916
C1' | 6.60381 | 7.60874 | 59.66148
N9 | 6.67558 | 9.07675 | 59.65876
C8 | 5.63087 | 9.97539 | 59.66922
N7 | 5.98772 | 11.23148 | 59.65361
C5 | 7.36795 | 11.16708 | 59.63152
C6 | 8.31955 | 12.21433 | 59.57135
O6 | 8.09301 | 13.43218 | 59.51635
N1 | 9.63574 | 11.75135 | 59.54584
C2 | 9.97746 | 10.41863 | 59.56155
N2 | 11.28743 | 10.13452 | 59.55233
N3 | 9.09422 | 9.42323 | 59.57241
C4 | 7.80873 | 9.86225 | 59.61977
