43
G_U_3-U_U_19-3ts0.pdb
P | -45.81985 | -4.50655 | -2.95408
OP1 | -46.51476 | -5.68435 | -3.51958
OP2 | -46.29902 | -3.14497 | -3.3095
O5' | -45.89132 | -4.55572 | -1.35555
C5' | -45.38026 | -5.67123 | -0.63744
C4' | -45.16906 | -5.34728 | 0.82971
O4' | -44.11139 | -4.35687 | 1.02537
C3' | -46.3442 | -4.79609 | 1.64379
O3' | -47.41202 | -5.7102 | 1.9235
C2' | -45.55928 | -4.42313 | 2.89258
O2' | -45.20491 | -5.56045 | 3.67346
C1' | -44.35059 | -3.70455 | 2.26684
N9 | -44.63009 | -2.27469 | 2.05183
C8 | -44.91627 | -1.60997 | 0.87268
N7 | -45.17007 | -0.33202 | 1.01759
C5 | -45.09925 | -0.14417 | 2.39242
C6 | -45.28939 | 1.02807 | 3.17759
O6 | -45.54152 | 2.17172 | 2.76421
N1 | -45.12885 | 0.79199 | 4.55427
C2 | -44.80126 | -0.43458 | 5.10268
N2 | -44.63522 | -0.51182 | 6.42678
N3 | -44.59996 | -1.52938 | 4.37891
C4 | -44.77895 | -1.32519 | 3.04139
P | -37.03439 | -0.27389 | 9.98149
OP1 | -36.15198 | -0.82675 | 11.03123
OP2 | -36.76568 | 1.09001 | 9.43713
O5' | -37.14561 | -1.36587 | 8.82368
C5' | -36.2379 | -1.20311 | 7.81748
C4' | -36.47961 | -2.09501 | 6.63232
O4' | -37.75344 | -1.76503 | 6.02229
C3' | -35.42715 | -1.63419 | 5.65455
O3' | -34.26042 | -2.41003 | 5.79529
C2' | -36.11973 | -1.63996 | 4.3049
O2' | -36.0333 | -2.8659 | 3.61052
C1' | -37.56117 | -1.32552 | 4.68808
N1 | -37.96345 | 0.12746 | 4.43586
C2 | -38.32643 | 0.49298 | 3.14187
O2 | -38.36708 | -0.282 | 2.20569
N3 | -38.65506 | 1.82405 | 2.95845
C4 | -38.67388 | 2.83165 | 3.90975
O4 | -39.01828 | 3.97094 | 3.57754
C5 | -38.26473 | 2.39078 | 5.229
C6 | -37.93061 | 1.09658 | 5.43974
