43
G_U_3-C_U_18-3ts0.pdb
P | -43.72387 | -3.85983 | -2.54959
OP1 | -44.46204 | -4.8377 | -3.37952
OP2 | -44.21488 | -2.45869 | -2.47489
O5' | -43.69341 | -4.35906 | -1.02885
C5' | -43.14563 | -5.62619 | -0.68891
C4' | -42.83876 | -5.72728 | 0.79355
O4' | -41.76358 | -4.82072 | 1.19355
C3' | -43.95545 | -5.44141 | 1.8029
O3' | -45.00982 | -6.40908 | 1.8801
C2' | -43.08964 | -5.42748 | 3.05384
O2' | -42.69437 | -6.73498 | 3.45763
C1' | -41.91822 | -4.54812 | 2.58128
N9 | -42.2005 | -3.11891 | 2.79702
C8 | -42.55659 | -2.15155 | 1.8742
N7 | -42.79133 | -0.9694 | 2.38992
C5 | -42.63145 | -1.17654 | 3.75447
C6 | -42.7625 | -0.27583 | 4.84916
O6 | -43.03222 | 0.93513 | 4.79244
N1 | -42.51604 | -0.88916 | 6.09006
C2 | -42.163 | -2.21694 | 6.24781
N2 | -41.91325 | -2.663 | 7.48291
N3 | -42.01631 | -3.06058 | 5.23306
C4 | -42.27892 | -2.4891 | 4.02181
P | -37.44996 | 0.72521 | 12.82265
OP1 | -36.48194 | 0.71164 | 13.95546
OP2 | -37.51376 | 1.91107 | 11.93663
O5' | -37.21419 | -0.57508 | 11.92306
C5' | -37.55776 | -1.86418 | 12.44819
C4' | -37.78884 | -2.84199 | 11.32362
O4' | -38.84879 | -2.37717 | 10.46836
C3' | -36.6212 | -2.86204 | 10.37954
O3' | -35.5817 | -3.61701 | 10.96791
C2' | -37.21792 | -3.35415 | 9.05843
O2' | -37.4364 | -4.7502 | 8.98966
C1' | -38.55473 | -2.64304 | 9.10736
N1 | -38.75752 | -1.40526 | 8.2632
C2 | -38.92293 | -1.48649 | 6.86063
O2 | -38.83642 | -2.58574 | 6.29547
N3 | -39.20986 | -0.34428 | 6.14991
C4 | -39.35727 | 0.83657 | 6.77653
N4 | -39.64132 | 1.93578 | 6.05971
C5 | -39.18303 | 0.93965 | 8.19563
C6 | -38.90725 | -0.18571 | 8.88169
