43
G_U_4-C_U_18-3ts0.pdb
P | -43.57416 | -3.65338 | -2.69119
OP1 | -44.55833 | -4.44328 | -3.47614
OP2 | -43.67849 | -2.16294 | -2.64218
O5' | -43.65638 | -4.13483 | -1.15811
C5' | -43.10934 | -5.38084 | -0.70971
C4' | -42.76072 | -5.36668 | 0.76982
O4' | -41.75472 | -4.3702 | 1.09065
C3' | -43.90734 | -5.06952 | 1.72466
O3' | -44.75568 | -6.19933 | 1.88309
C2' | -43.12854 | -4.68477 | 2.97872
O2' | -42.59906 | -5.79369 | 3.67623
C1' | -42.00356 | -3.84598 | 2.38134
N9 | -42.29877 | -2.40926 | 2.28716
C8 | -42.50224 | -1.65968 | 1.14881
N7 | -42.73887 | -0.39309 | 1.36117
C5 | -42.69035 | -0.28967 | 2.73835
C6 | -42.83493 | 0.85241 | 3.56337
O6 | -43.03106 | 2.02141 | 3.19938
N1 | -42.70263 | 0.56137 | 4.92174
C2 | -42.44351 | -0.69796 | 5.41174
N2 | -42.3636 | -0.81903 | 6.74432
N3 | -42.26052 | -1.77169 | 4.64711
C4 | -42.40903 | -1.50475 | 3.32266
P | -34.41303 | -0.40545 | 9.28637
OP1 | -33.46736 | -0.76072 | 10.3818
OP2 | -34.40798 | 0.97241 | 8.74155
O5' | -34.21889 | -1.4351 | 8.079
C5' | -34.62887 | -2.79877 | 8.24607
C4' | -34.88262 | -3.4365 | 6.90328
O4' | -35.90514 | -2.71436 | 6.19335
C3' | -33.70002 | -3.26466 | 5.99388
O3' | -32.70596 | -4.19578 | 6.37011
C2' | -34.29385 | -3.36536 | 4.58646
O2' | -34.57281 | -4.68285 | 4.1531
C1' | -35.59844 | -2.62894 | 4.81201
N1 | -35.73067 | -1.20534 | 4.32036
C2 | -35.87395 | -0.90917 | 2.94453
O2 | -35.82607 | -1.82531 | 2.11169
N3 | -36.0969 | 0.39142 | 2.55613
C4 | -36.20312 | 1.37306 | 3.4693
N4 | -36.42498 | 2.63366 | 3.06377
C5 | -36.05035 | 1.09322 | 4.86686
C6 | -35.83734 | -0.18415 | 5.23581
