43
G_U_4-U_U_5-3ts0.pdb
P | -37.2342 | -0.28901 | -2.44721
OP1 | -38.29635 | 0.31996 | -3.28963
OP2 | -37.32095 | -0.20683 | -0.95712
O5' | -37.17133 | -1.8615 | -2.7822
C5' | -36.5937 | -2.3711 | -3.99031
C4' | -36.10313 | -3.80246 | -3.84439
O4' | -35.06256 | -3.92993 | -2.83994
C3' | -37.14925 | -4.83038 | -3.43968
O3' | -37.98754 | -5.17531 | -4.53492
C2' | -36.24934 | -5.96212 | -2.95331
O2' | -35.66391 | -6.7073 | -4.00142
C1' | -35.18071 | -5.18322 | -2.19349
N9 | -35.47177 | -4.9825 | -0.76689
C8 | -35.77847 | -3.8032 | -0.12324
N7 | -35.98291 | -3.91669 | 1.16154
C5 | -35.80021 | -5.26694 | 1.392
C6 | -35.85465 | -5.99046 | 2.60833
O6 | -36.07548 | -5.53817 | 3.74154
N1 | -35.59364 | -7.3513 | 2.44289
C2 | -35.29865 | -7.93095 | 1.2304
N2 | -35.09089 | -9.2552 | 1.23268
N3 | -35.19956 | -7.25713 | 0.08707
C4 | -35.47361 | -5.93374 | 0.23196
P | -39.54211 | -5.5455 | -4.31095
OP1 | -40.15622 | -5.567 | -5.67007
OP2 | -40.17459 | -4.71547 | -3.25146
O5' | -39.48058 | -7.05137 | -3.75853
C5' | -38.85006 | -8.07623 | -4.5733
C4' | -38.54771 | -9.33149 | -3.78129
O4' | -37.68175 | -8.9809 | -2.68778
C3' | -39.75961 | -9.95201 | -3.10401
O3' | -40.539 | -10.74634 | -4.00878
C2' | -39.14109 | -10.67334 | -1.89929
O2' | -38.57302 | -11.96674 | -2.06655
C1' | -38.02644 | -9.72264 | -1.53675
N1 | -38.33394 | -8.87453 | -0.34904
C2 | -38.33417 | -9.48162 | 0.90631
O2 | -38.11247 | -10.67329 | 1.11017
N3 | -38.62487 | -8.62527 | 1.9457
C4 | -38.93085 | -7.27903 | 1.87211
O4 | -39.15899 | -6.68814 | 2.91981
C5 | -38.91794 | -6.70703 | 0.54562
C6 | -38.62549 | -7.51478 | -0.49305
