46
G_U_3-G_U_3-3ts0.pdb
P | -0.4152 | 11.87161 | 60.56132
P | -0.4152 | 11.87161 | 60.56132
OP1 | -1.39753 | 11.20832 | 61.4473
OP1 | -1.39753 | 11.20832 | 61.4473
OP2 | -0.18396 | 13.33308 | 60.70449
OP2 | -0.18396 | 13.33308 | 60.70449
O5' | 1.02848 | 11.21172 | 60.76907
O5' | 1.02848 | 11.21172 | 60.76907
C5' | 1.22787 | 9.81814 | 60.57056
C5' | 1.22787 | 9.81814 | 60.57056
C4' | 2.69773 | 9.47687 | 60.41201
C4' | 2.69773 | 9.47687 | 60.41201
O4' | 3.26075 | 10.03643 | 59.1841
O4' | 3.26075 | 10.03643 | 59.1841
C3' | 3.6822 | 9.91525 | 61.50111
C3' | 3.6822 | 9.91525 | 61.50111
O3' | 3.58501 | 9.23773 | 62.7603
O3' | 3.58501 | 9.23773 | 62.7603
C2' | 4.9636 | 9.57189 | 60.75628
C2' | 4.9636 | 9.57189 | 60.75628
O2' | 5.21393 | 8.17016 | 60.71995
O2' | 5.21393 | 8.17016 | 60.71995
C1' | 4.66326 | 10.1801 | 59.37472
C1' | 4.66326 | 10.1801 | 59.37472
N9 | 5.04756 | 11.60072 | 59.32003
N9 | 5.04756 | 11.60072 | 59.32003
C8 | 4.24117 | 12.72424 | 59.3605
C8 | 4.24117 | 12.72424 | 59.3605
N7 | 4.89308 | 13.86144 | 59.34241
N7 | 4.89308 | 13.86144 | 59.34241
C5 | 6.22564 | 13.46803 | 59.34255
C5 | 6.22564 | 13.46803 | 59.34255
C6 | 7.41973 | 14.24322 | 59.33648
C6 | 7.41973 | 14.24322 | 59.33648
O6 | 7.50666 | 15.4816 | 59.30128
O6 | 7.50666 | 15.4816 | 59.30128
N1 | 8.58161 | 13.45153 | 59.34123
N1 | 8.58161 | 13.45153 | 59.34123
C2 | 8.58364 | 12.06863 | 59.33173
C2 | 8.58364 | 12.06863 | 59.33173
N2 | 9.76143 | 11.4377 | 59.29255
N2 | 9.76143 | 11.4377 | 59.29255
N3 | 7.4768 | 11.33541 | 59.31508
N3 | 7.4768 | 11.33541 | 59.31508
C4 | 6.33816 | 12.0875 | 59.33831
C4 | 6.33816 | 12.0875 | 59.33831
