43
G_U_3-C_U_17-3ts0.pdb
P | -41.77947 | -3.0346 | -2.14277
OP1 | -42.60527 | -3.75131 | -3.13991
OP2 | -42.20584 | -1.68555 | -1.68655
O5' | -41.6815 | -3.90269 | -0.80126
C5' | -41.16869 | -5.22842 | -0.82725
C4' | -40.78049 | -5.70897 | 0.55856
O4' | -39.64661 | -4.96133 | 1.10004
C3' | -41.82344 | -5.65854 | 1.67982
O3' | -42.91134 | -6.58647 | 1.58249
C2' | -40.88639 | -5.98388 | 2.8334
O2' | -40.52368 | -7.36084 | 2.86918
C1' | -39.7085 | -5.04447 | 2.51893
N9 | -39.91729 | -3.70937 | 3.1044
C8 | -40.2855 | -2.5312 | 2.4795
N7 | -40.43979 | -1.51212 | 3.28957
C5 | -40.20953 | -2.06159 | 4.54477
C6 | -40.23853 | -1.46378 | 5.83651
O6 | -40.45985 | -0.27121 | 6.10331
N1 | -39.94622 | -2.37711 | 6.86468
C2 | -39.64083 | -3.71037 | 6.6606
N2 | -39.33854 | -4.46054 | 7.72487
N3 | -39.58918 | -4.27361 | 5.45932
C4 | -39.89761 | -3.40783 | 4.45037
P | -38.07196 | 1.54604 | 15.80292
OP1 | -37.0491 | 1.74892 | 16.8542
OP2 | -38.34211 | 2.64368 | 14.83377
O5' | -37.73591 | 0.26187 | 14.89938
C5' | -37.46764 | -0.97245 | 15.53941
C4' | -37.91319 | -2.14869 | 14.70151
O4' | -39.15573 | -1.87155 | 14.02498
C3' | -37.00109 | -2.45645 | 13.54669
O3' | -35.85541 | -3.0757 | 14.0146
C2' | -37.89876 | -3.32528 | 12.67888
O2' | -38.15805 | -4.6381 | 13.12257
C1' | -39.17135 | -2.51259 | 12.76077
N1 | -39.36161 | -1.50907 | 11.64113
C2 | -39.58522 | -1.96361 | 10.33007
O2 | -39.57412 | -3.18602 | 10.10338
N3 | -39.81585 | -1.03394 | 9.3401
C4 | -39.84028 | 0.27659 | 9.62359
N4 | -40.09216 | 1.13235 | 8.63785
C5 | -39.61257 | 0.75526 | 10.95312
C6 | -39.38272 | -0.15872 | 11.91173
