43
G_U_2-C_U_18-3ts0.pdb
P | -44.47701 | -2.73885 | -1.65137
OP1 | -45.24366 | -3.50803 | -2.65942
OP2 | -45.13341 | -1.55637 | -1.05674
O5' | -44.03514 | -3.70756 | -0.4702
C5' | -43.51052 | -4.99621 | -0.72864
C4' | -42.94052 | -5.58636 | 0.53791
O4' | -41.91568 | -4.69475 | 1.04918
C3' | -43.90207 | -5.69263 | 1.7067
O3' | -44.84932 | -6.72556 | 1.5797
C2' | -42.9058 | -5.8472 | 2.84336
O2' | -42.27195 | -7.10758 | 2.90465
C1' | -41.90562 | -4.75136 | 2.47267
N9 | -42.25395 | -3.44858 | 3.07616
C8 | -42.85038 | -2.36375 | 2.46223
N7 | -43.08459 | -1.35416 | 3.24586
C5 | -42.63685 | -1.79842 | 4.48367
C6 | -42.64643 | -1.13757 | 5.74655
O6 | -43.12756 | -0.01884 | 6.01339
N1 | -42.15157 | -1.96066 | 6.77364
C2 | -41.68973 | -3.24847 | 6.58786
N2 | -41.19223 | -3.86053 | 7.65415
N3 | -41.65168 | -3.87022 | 5.41656
C4 | -42.13733 | -3.09007 | 4.40396
P | -40.43774 | 2.27015 | 15.55333
OP1 | -39.4777 | 2.60244 | 16.64347
OP2 | -40.54652 | 3.17138 | 14.3823
O5' | -40.14019 | 0.78785 | 15.03386
C5' | -40.43153 | -0.32706 | 15.88691
C4' | -40.61273 | -1.57945 | 15.06663
O4' | -41.68591 | -1.40704 | 14.12344
C3' | -39.43897 | -1.80115 | 14.15658
O3' | -38.37195 | -2.32521 | 14.92048
C2' | -40.00504 | -2.65454 | 13.01865
O2' | -40.1628 | -4.02607 | 13.32755
C1' | -41.37151 | -2.01482 | 12.88198
N1 | -41.62165 | -1.05842 | 11.73807
C2 | -41.77395 | -1.5195 | 10.4094
O2 | -41.63643 | -2.72517 | 10.15901
N3 | -42.10495 | -0.62297 | 9.42008
C4 | -42.30725 | 0.67507 | 9.70812
N4 | -42.63347 | 1.52871 | 8.72443
C5 | -42.14718 | 1.162 | 11.04682
C6 | -41.82788 | 0.27459 | 12.00793
