43
G_U_4-C_U_17-3ts0.pdb
P | -41.64737 | -3.13229 | -2.24449
OP1 | -42.70412 | -3.68943 | -3.12853
OP2 | -41.70582 | -1.70083 | -1.81766
O5' | -41.63991 | -3.98215 | -0.87826
C5' | -41.09953 | -5.30656 | -0.79573
C4' | -40.65192 | -5.66783 | 0.61135
O4' | -39.59875 | -4.79448 | 1.09719
C3' | -41.72282 | -5.60764 | 1.69038
O3' | -42.5903 | -6.73198 | 1.62268
C2' | -40.85083 | -5.55819 | 2.94115
O2' | -40.30732 | -6.81222 | 3.29972
C1' | -39.74523 | -4.60833 | 2.49235
N9 | -40.00522 | -3.19089 | 2.78128
C8 | -40.26344 | -2.17752 | 1.88379
N7 | -40.44922 | -1.00231 | 2.42204
C5 | -40.30526 | -1.24831 | 3.77423
C6 | -40.36155 | -0.34835 | 4.86639
O6 | -40.54847 | 0.8766 | 4.8208
N1 | -40.1465 | -0.97234 | 6.09592
C2 | -39.89085 | -2.31702 | 6.2361
N2 | -39.72496 | -2.76946 | 7.48694
N3 | -39.79024 | -3.16639 | 5.21654
C4 | -40.01987 | -2.57406 | 4.01492
P | -35.05054 | 0.53243 | 12.86467
OP1 | -34.02542 | 0.40669 | 13.92576
OP2 | -35.25885 | 1.85434 | 12.21183
O5' | -34.77399 | -0.49182 | 11.65933
C5' | -34.57237 | -1.86101 | 11.95902
C4' | -35.07138 | -2.75859 | 10.85019
O4' | -36.29405 | -2.25475 | 10.27607
C3' | -34.16868 | -2.80493 | 9.64885
O3' | -33.05866 | -3.58049 | 9.93415
C2' | -35.10351 | -3.37536 | 8.59317
O2' | -35.4315 | -4.74331 | 8.68655
C1' | -36.33399 | -2.54793 | 8.88976
N1 | -36.4663 | -1.28224 | 8.06675
C2 | -36.70425 | -1.37291 | 6.6845
O2 | -36.7534 | -2.49504 | 6.15138
N3 | -36.88144 | -0.20976 | 5.96812
C4 | -36.84153 | 0.9835 | 6.57886
N4 | -37.04368 | 2.0753 | 5.84773
C5 | -36.59838 | 1.09252 | 7.98514
C6 | -36.42098 | -0.0474 | 8.67525
