46
G_U_4-G_U_4-3ts0.pdb
P | -0.66851 | 8.35081 | 57.75079
P | -0.66851 | 8.35081 | 57.75079
OP1 | -1.67254 | 8.09982 | 58.81737
OP1 | -1.67254 | 8.09982 | 58.81737
OP2 | -0.07776 | 9.71385 | 57.58403
OP2 | -0.07776 | 9.71385 | 57.58403
O5' | 0.58447 | 7.37378 | 58.00451
O5' | 0.58447 | 7.37378 | 58.00451
C5' | 0.53928 | 5.97031 | 57.71973
C5' | 0.53928 | 5.97031 | 57.71973
C4' | 1.91665 | 5.38323 | 57.45714
C4' | 1.91665 | 5.38323 | 57.45714
O4' | 2.56358 | 5.98613 | 56.30565
O4' | 2.56358 | 5.98613 | 56.30565
C3' | 2.93127 | 5.5281 | 58.58157
C3' | 2.93127 | 5.5281 | 58.58157
O3' | 2.67952 | 4.6006 | 59.62925
O3' | 2.67952 | 4.6006 | 59.62925
C2' | 4.22738 | 5.27896 | 57.81655
C2' | 4.22738 | 5.27896 | 57.81655
O2' | 4.46438 | 3.91415 | 57.53785
O2' | 4.46438 | 3.91415 | 57.53785
C1' | 3.96015 | 6.04648 | 56.52601
C1' | 3.96015 | 6.04648 | 56.52601
N9 | 4.40087 | 7.44843 | 56.54847
N9 | 4.40087 | 7.44843 | 56.54847
C8 | 3.61749 | 8.58218 | 56.54821
C8 | 3.61749 | 8.58218 | 56.54821
N7 | 4.28067 | 9.70707 | 56.56124
N7 | 4.28067 | 9.70707 | 56.56124
C5 | 5.59982 | 9.29548 | 56.57127
C5 | 5.59982 | 9.29548 | 56.57127
C6 | 6.7866 | 10.06816 | 56.5507
C6 | 6.7866 | 10.06816 | 56.5507
O6 | 6.87699 | 11.30414 | 56.50975
O6 | 6.87699 | 11.30414 | 56.50975
N1 | 7.94312 | 9.28724 | 56.5494
N1 | 7.94312 | 9.28724 | 56.5494
C2 | 7.93615 | 7.91134 | 56.552
C2 | 7.93615 | 7.91134 | 56.552
N2 | 9.13144 | 7.30488 | 56.56969
N2 | 9.13144 | 7.30488 | 56.56969
N3 | 6.82994 | 7.17197 | 56.52575
N3 | 6.82994 | 7.17197 | 56.52575
C4 | 5.69646 | 7.92174 | 56.54925
C4 | 5.69646 | 7.92174 | 56.54925
