45
G_U_23-A_U_22-3ts0.pdb
P | -1.81385 | -68.61572 | 18.89617
OP1 | -1.9286 | -69.6639 | 17.84473
OP2 | -2.93182 | -67.67087 | 19.13107
O5' | -1.41939 | -69.36683 | 20.26297
C5' | -1.96194 | -70.65236 | 20.61202
C4' | -0.90973 | -71.75176 | 20.6506
O4' | 0.328 | -71.29374 | 20.05645
C3' | -0.54783 | -72.28051 | 22.0367
O3' | -1.20854 | -73.51896 | 22.28001
C2' | 0.98279 | -72.4311 | 22.06671
O2' | 1.4526 | -73.77057 | 21.94381
C1' | 1.44626 | -71.60482 | 20.87469
N9 | 2.17239 | -70.36546 | 21.14584
C8 | 1.65304 | -69.19404 | 21.62644
N7 | 2.50092 | -68.18884 | 21.62129
C5 | 3.65945 | -68.72963 | 21.09045
C6 | 4.94559 | -68.19134 | 20.82556
N6 | 5.28398 | -66.92637 | 21.09714
N1 | 5.87931 | -68.99525 | 20.25966
C2 | 5.55275 | -70.27492 | 20.01177
N3 | 4.3833 | -70.89615 | 20.2189
C4 | 3.46747 | -70.06746 | 20.76989
P | -1.50135 | -74.03458 | 23.77101
OP1 | -2.58091 | -75.05467 | 23.64605
OP2 | -1.69758 | -72.84071 | 24.64142
O5' | -0.16062 | -74.79683 | 24.25027
C5' | -0.191 | -76.09117 | 24.90818
C4' | 0.71722 | -76.21034 | 26.12655
O4' | 1.91655 | -75.41746 | 25.96173
C3' | 0.1184 | -75.77897 | 27.45793
O3' | -0.48665 | -76.91095 | 28.09074
C2' | 1.32147 | -75.30329 | 28.27356
O2' | 1.88181 | -76.33478 | 29.06988
C1' | 2.33044 | -74.89014 | 27.20901
N9 | 2.66045 | -73.45882 | 27.10212
C8 | 1.88826 | -72.44226 | 26.58828
N7 | 2.46197 | -71.26563 | 26.61076
C5 | 3.70977 | -71.51599 | 27.16262
C6 | 4.80089 | -70.64058 | 27.40661
O6 | 4.86781 | -69.42521 | 27.1867
N1 | 5.89853 | -71.30243 | 27.9627
C2 | 5.94709 | -72.65773 | 28.23021
N2 | 7.07639 | -73.13616 | 28.76602
N3 | 4.93757 | -73.48799 | 27.99939
C4 | 3.85468 | -72.86197 | 27.45705
