34
G_U_7-PHE_A_84-3ts0.pdb
N | 1.68553 | 6.04641 | -3.17679
CA | 1.99812 | 4.6649 | -2.81455
C | 3.30874 | 4.60194 | -2.02942
O | 4.3437 | 5.12405 | -2.49407
CB | 2.04936 | 3.79347 | -4.05718
CG | 2.23027 | 2.32773 | -3.77027
CD1 | 1.14402 | 1.53411 | -3.4097
CD2 | 3.48736 | 1.73045 | -3.87396
CE1 | 1.31469 | 0.17067 | -3.15672
CE2 | 3.65945 | 0.37954 | -3.59089
CZ | 2.57293 | -0.39759 | -3.25651
P | -5.6676 | -1.43569 | -2.99738
OP1 | -6.65609 | -2.09526 | -3.89865
OP2 | -6.05754 | -0.21819 | -2.24002
O5' | -5.12295 | -2.51091 | -1.94428
C5' | -4.37816 | -3.6837 | -2.29426
C4' | -3.27643 | -3.95286 | -1.28415
O4' | -2.30569 | -2.88362 | -1.34119
C3' | -3.79109 | -3.95156 | 0.13719
O3' | -3.79083 | -5.25237 | 0.6191
C2' | -2.94263 | -2.95754 | 0.92938
O2' | -2.36549 | -3.43164 | 2.13682
C1' | -1.85436 | -2.56731 | -0.04501
N9 | -1.47728 | -1.15422 | -0.00386
C8 | -2.29094 | -0.04053 | -0.00609
N7 | -1.63897 | 1.09402 | -0.01904
C5 | -0.30312 | 0.70925 | 0.00268
C6 | 0.88009 | 1.48632 | 0.0
O6 | 0.99094 | 2.7139 | -0.00688
N1 | 2.02634 | 0.69139 | -0.01272
C2 | 2.04574 | -0.69138 | 0.01273
N2 | 3.23499 | -1.30913 | -0.01495
N3 | 0.94736 | -1.42581 | 0.013
C4 | -0.18917 | -0.66898 | 0.01334
