46
G_U_23-G_U_23-3ts0.pdb
P | -2.68553 | -73.19327 | 4.10478
P | -2.68553 | -73.19327 | 4.10478
OP1 | -3.8368 | -74.13511 | 4.20042
OP1 | -3.8368 | -74.13511 | 4.20042
OP2 | -2.45012 | -72.18823 | 5.17992
OP2 | -2.45012 | -72.18823 | 5.17992
O5' | -1.34395 | -74.07583 | 3.93291
O5' | -1.34395 | -74.07583 | 3.93291
C5' | -1.27267 | -75.47265 | 4.32394
C5' | -1.27267 | -75.47265 | 4.32394
C4' | -0.0159 | -75.85687 | 5.0962
C4' | -0.0159 | -75.85687 | 5.0962
O4' | 1.1246 | -75.08445 | 4.65253
O4' | 1.1246 | -75.08445 | 4.65253
C3' | -0.07214 | -75.67725 | 6.60676
C3' | -0.07214 | -75.67725 | 6.60676
O3' | -0.52982 | -76.89229 | 7.20853
O3' | -0.52982 | -76.89229 | 7.20853
C2' | 1.37931 | -75.40847 | 7.00665
C2' | 1.37931 | -75.40847 | 7.00665
O2' | 2.07562 | -76.59311 | 7.35859
O2' | 2.07562 | -76.59311 | 7.35859
C1' | 1.99384 | -74.82552 | 5.73994
C1' | 1.99384 | -74.82552 | 5.73994
N9 | 2.40609 | -73.41198 | 5.77093
N9 | 2.40609 | -73.41198 | 5.77093
C8 | 1.60821 | -72.29094 | 5.75144
C8 | 1.60821 | -72.29094 | 5.75144
N7 | 2.26746 | -71.15994 | 5.7699
N7 | 2.26746 | -71.15994 | 5.7699
C5 | 3.5979 | -71.55223 | 5.78634
C5 | 3.5979 | -71.55223 | 5.78634
C6 | 4.78681 | -70.77592 | 5.7708
C6 | 4.78681 | -70.77592 | 5.7708
O6 | 4.89319 | -69.54369 | 5.75495
O6 | 4.89319 | -69.54369 | 5.75495
N1 | 5.93799 | -71.56769 | 5.7738
N1 | 5.93799 | -71.56769 | 5.7738
C2 | 5.94202 | -72.94996 | 5.7678
C2 | 5.94202 | -72.94996 | 5.7678
N2 | 7.13383 | -73.55896 | 5.77254
N2 | 7.13383 | -73.55896 | 5.77254
N3 | 4.83826 | -73.68713 | 5.77401
N3 | 4.83826 | -73.68713 | 5.77401
C4 | 3.70207 | -72.93364 | 5.77216
C4 | 3.70207 | -72.93364 | 5.77216
