46
G_U_2-G_U_2-3ts0.pdb
P | -6.88866 | 20.59656 | 61.93848
P | -6.88866 | 20.59656 | 61.93848
OP1 | -7.98295 | 19.99501 | 62.73611
OP1 | -7.98295 | 19.99501 | 62.73611
OP2 | -6.51988 | 21.99539 | 62.23846
OP2 | -6.51988 | 21.99539 | 62.23846
O5' | -5.58224 | 19.69961 | 62.071
O5' | -5.58224 | 19.69961 | 62.071
C5' | -5.64348 | 18.28824 | 61.98764
C5' | -5.64348 | 18.28824 | 61.98764
C4' | -4.2512 | 17.71504 | 61.88603
C4' | -4.2512 | 17.71504 | 61.88603
O4' | -3.59596 | 18.28215 | 60.72167
O4' | -3.59596 | 18.28215 | 60.72167
C3' | -3.30337 | 18.08179 | 63.01254
C3' | -3.30337 | 18.08179 | 63.01254
O3' | -3.5584 | 17.40721 | 64.22096
O3' | -3.5584 | 17.40721 | 64.22096
C2' | -1.97703 | 17.76036 | 62.34474
C2' | -1.97703 | 17.76036 | 62.34474
O2' | -1.70528 | 16.38156 | 62.20644
O2' | -1.70528 | 16.38156 | 62.20644
C1' | -2.2008 | 18.41163 | 60.97931
C1' | -2.2008 | 18.41163 | 60.97931
N9 | -1.76703 | 19.82373 | 60.95517
N9 | -1.76703 | 19.82373 | 60.95517
C8 | -2.55926 | 20.95385 | 61.0236
C8 | -2.55926 | 20.95385 | 61.0236
N7 | -1.90727 | 22.07774 | 61.02686
N7 | -1.90727 | 22.07774 | 61.02686
C5 | -0.57773 | 21.67726 | 60.98258
C5 | -0.57773 | 21.67726 | 60.98258
C6 | 0.61092 | 22.46389 | 60.98247
C6 | 0.61092 | 22.46389 | 60.98247
O6 | 0.70021 | 23.70307 | 61.0859
O6 | 0.70021 | 23.70307 | 61.0859
N1 | 1.76866 | 21.66587 | 60.98904
N1 | 1.76866 | 21.66587 | 60.98904
C2 | 1.76525 | 20.28526 | 60.9759
C2 | 1.76525 | 20.28526 | 60.9759
N2 | 2.94839 | 19.68906 | 60.91392
N2 | 2.94839 | 19.68906 | 60.91392
N3 | 0.66942 | 19.5379 | 60.95215
N3 | 0.66942 | 19.5379 | 60.95215
C4 | -0.46954 | 20.2946 | 60.95445
C4 | -0.46954 | 20.2946 | 60.95445
