46
G_U_9-G_U_9-3ts0.pdb
P | -21.19759 | 18.39614 | -12.9637
P | -21.19759 | 18.39614 | -12.9637
OP1 | -20.45977 | 18.63392 | -14.22628
OP1 | -20.45977 | 18.63392 | -14.22628
OP2 | -20.97362 | 19.24745 | -11.76334
OP2 | -20.97362 | 19.24745 | -11.76334
O5' | -22.73395 | 18.33585 | -13.32277
O5' | -22.73395 | 18.33585 | -13.32277
C5' | -23.7575 | 18.11669 | -12.39082
C5' | -23.7575 | 18.11669 | -12.39082
C4' | -25.08339 | 18.40343 | -13.05971
C4' | -25.08339 | 18.40343 | -13.05971
O4' | -25.33939 | 19.82372 | -13.19162
O4' | -25.33939 | 19.82372 | -13.19162
C3' | -25.27193 | 17.85199 | -14.45991
C3' | -25.27193 | 17.85199 | -14.45991
O3' | -26.61489 | 17.45407 | -14.4502
O3' | -26.61489 | 17.45407 | -14.4502
C2' | -25.0064 | 19.05956 | -15.37515
C2' | -25.0064 | 19.05956 | -15.37515
O2' | -25.64541 | 19.03163 | -16.6374
O2' | -25.64541 | 19.03163 | -16.6374
C1' | -25.59381 | 20.18011 | -14.54051
C1' | -25.59381 | 20.18011 | -14.54051
N9 | -25.09851 | 21.53989 | -14.72583
N9 | -25.09851 | 21.53989 | -14.72583
C8 | -25.8861 | 22.66661 | -14.71018
C8 | -25.8861 | 22.66661 | -14.71018
N7 | -25.22828 | 23.79038 | -14.74141
N7 | -25.22828 | 23.79038 | -14.74141
C5 | -23.90134 | 23.38871 | -14.70185
C5 | -23.90134 | 23.38871 | -14.70185
C6 | -22.70202 | 24.15567 | -14.70748
C6 | -22.70202 | 24.15567 | -14.70748
O6 | -22.5563 | 25.37395 | -14.70023
O6 | -22.5563 | 25.37395 | -14.70023
N1 | -21.5524 | 23.37426 | -14.71793
N1 | -21.5524 | 23.37426 | -14.71793
C2 | -21.55972 | 22.00229 | -14.69702
C2 | -21.55972 | 22.00229 | -14.69702
N2 | -20.35952 | 21.42375 | -14.64772
N2 | -20.35952 | 21.42375 | -14.64772
N3 | -22.6694 | 21.26739 | -14.69686
N3 | -22.6694 | 21.26739 | -14.69686
C4 | -23.80714 | 22.00929 | -14.66874
C4 | -23.80714 | 22.00929 | -14.66874
