46
G_U_7-G_U_7-3ts0.pdb
P | 2.4077 | 6.10363 | 39.99729
P | 2.4077 | 6.10363 | 39.99729
OP1 | 1.41921 | 5.44406 | 39.09602
OP1 | 1.41921 | 5.44406 | 39.09602
OP2 | 2.01776 | 7.32113 | 40.75465
OP2 | 2.01776 | 7.32113 | 40.75465
O5' | 2.95234 | 5.02841 | 41.05038
O5' | 2.95234 | 5.02841 | 41.05038
C5' | 3.69713 | 3.85562 | 40.70041
C5' | 3.69713 | 3.85562 | 40.70041
C4' | 4.79886 | 3.58646 | 41.71052
C4' | 4.79886 | 3.58646 | 41.71052
O4' | 5.7696 | 4.6557 | 41.65348
O4' | 5.7696 | 4.6557 | 41.65348
C3' | 4.28421 | 3.58776 | 43.13186
C3' | 4.28421 | 3.58776 | 43.13186
O3' | 4.28447 | 2.28695 | 43.61377
O3' | 4.28447 | 2.28695 | 43.61377
C2' | 5.13266 | 4.58178 | 43.92405
C2' | 5.13266 | 4.58178 | 43.92405
O2' | 5.7098 | 4.10768 | 45.13149
O2' | 5.7098 | 4.10768 | 45.13149
C1' | 6.22093 | 4.97201 | 42.94966
C1' | 6.22093 | 4.97201 | 42.94966
N9 | 6.59802 | 6.3851 | 42.99081
N9 | 6.59802 | 6.3851 | 42.99081
C8 | 5.78435 | 7.49879 | 42.98858
C8 | 5.78435 | 7.49879 | 42.98858
N7 | 6.43632 | 8.63334 | 42.97563
N7 | 6.43632 | 8.63334 | 42.97563
C5 | 7.77217 | 8.24857 | 42.99735
C5 | 7.77217 | 8.24857 | 42.99735
C6 | 8.95539 | 9.02564 | 42.99467
C6 | 8.95539 | 9.02564 | 42.99467
O6 | 9.06624 | 10.25322 | 42.98779
O6 | 9.06624 | 10.25322 | 42.98779
N1 | 10.10164 | 8.23071 | 42.98195
N1 | 10.10164 | 8.23071 | 42.98195
C2 | 10.12103 | 6.84794 | 43.0074
C2 | 10.12103 | 6.84794 | 43.0074
N2 | 11.31029 | 6.23019 | 42.97972
N2 | 11.31029 | 6.23019 | 42.97972
N3 | 9.02265 | 6.11351 | 43.00767
N3 | 9.02265 | 6.11351 | 43.00767
C4 | 7.88613 | 6.87034 | 43.00801
C4 | 7.88613 | 6.87034 | 43.00801
