46
G_U_2-G_U_3-3ts0.pdb
P | -4.58191 | 18.04109 | 59.6416
OP1 | -5.7933 | 17.68488 | 60.41698
OP2 | -3.88224 | 19.28883 | 60.01082
O5' | -3.53606 | 16.8454 | 59.71471
C5' | -3.94148 | 15.49863 | 59.55824
C4' | -2.73208 | 14.60768 | 59.41366
O4' | -1.95342 | 15.05767 | 58.27441
C3' | -1.72739 | 14.67053 | 60.54881
O3' | -2.14462 | 14.01603 | 61.72265
C2' | -0.51804 | 14.06949 | 59.85263
O2' | -0.59247 | 12.67548 | 59.63986
C1' | -0.57011 | 14.82718 | 58.52528
N9 | 0.19703 | 16.089 | 58.57093
C8 | -0.29388 | 17.37364 | 58.70583
N7 | 0.61396 | 18.3015 | 58.76169
C5 | 1.80471 | 17.59011 | 58.68398
C6 | 3.15005 | 18.06005 | 58.71378
O6 | 3.54034 | 19.23221 | 58.88102
N1 | 4.07652 | 17.00328 | 58.66769
C2 | 3.73445 | 15.66837 | 58.58241
N2 | 4.73532 | 14.80436 | 58.47818
N3 | 2.48882 | 15.21493 | 58.52996
C4 | 1.57038 | 16.22664 | 58.58257
P | -1.89171 | 14.64026 | 63.20002
OP1 | -2.70209 | 13.80087 | 64.11029
OP2 | -2.02658 | 16.1191 | 63.2685
O5' | -0.33569 | 14.36404 | 63.45566
C5' | 0.20142 | 13.05349 | 63.33241
C4' | 1.71324 | 13.07446 | 63.2058
O4' | 2.14981 | 13.69432 | 61.95559
C3' | 2.53717 | 13.79249 | 64.27962
O3' | 2.58034 | 13.17373 | 65.57165
C2' | 3.87963 | 13.7369 | 63.56591
O2' | 4.46456 | 12.43878 | 63.60552
C1' | 3.47056 | 14.18543 | 62.15159
N9 | 3.49838 | 15.65251 | 62.02608
C8 | 2.44196 | 16.54551 | 61.99998
N7 | 2.7975 | 17.80528 | 61.92839
C5 | 4.18541 | 17.74991 | 61.9617
C6 | 5.15457 | 18.79215 | 61.92621
O6 | 4.93802 | 20.01102 | 61.82692
N1 | 6.47389 | 18.30958 | 61.9834
C2 | 6.81289 | 16.97032 | 62.04648
N2 | 8.10945 | 16.64519 | 62.05153
N3 | 5.9186 | 15.98894 | 62.0579
C4 | 4.63084 | 16.4402 | 62.03094
