46
G_U_20-G_U_20-3ts0.pdb
P | -35.98878 | 39.41663 | -56.30009
P | -35.98878 | 39.41663 | -56.30009
OP1 | -37.36588 | 38.92944 | -56.50331
OP1 | -37.36588 | 38.92944 | -56.50331
OP2 | -35.71099 | 40.46881 | -55.29504
OP2 | -35.71099 | 40.46881 | -55.29504
O5' | -35.09073 | 38.17401 | -55.8946
O5' | -35.09073 | 38.17401 | -55.8946
C5' | -34.33192 | 37.41021 | -56.83826
C5' | -34.33192 | 37.41021 | -56.83826
C4' | -32.99993 | 37.04402 | -56.22399
C4' | -32.99993 | 37.04402 | -56.22399
O4' | -32.04493 | 38.10385 | -56.44793
O4' | -32.04493 | 38.10385 | -56.44793
C3' | -33.04249 | 36.80708 | -54.72006
C3' | -33.04249 | 36.80708 | -54.72006
O3' | -32.27541 | 35.65865 | -54.41402
O3' | -32.27541 | 35.65865 | -54.41402
C2' | -32.46628 | 38.1002 | -54.15671
C2' | -32.46628 | 38.1002 | -54.15671
O2' | -31.95621 | 38.05332 | -52.84149
O2' | -31.95621 | 38.05332 | -52.84149
C1' | -31.42088 | 38.4146 | -55.21535
C1' | -31.42088 | 38.4146 | -55.21535
N9 | -31.01265 | 39.81381 | -55.23579
N9 | -31.01265 | 39.81381 | -55.23579
C8 | -31.8316 | 40.92308 | -55.2969
C8 | -31.8316 | 40.92308 | -55.2969
N7 | -31.17887 | 42.04897 | -55.316
N7 | -31.17887 | 42.04897 | -55.316
C5 | -29.84317 | 41.65938 | -55.26634
C5 | -29.84317 | 41.65938 | -55.26634
C6 | -28.65507 | 42.43739 | -55.2742
C6 | -28.65507 | 42.43739 | -55.2742
O6 | -28.56052 | 43.67061 | -55.30127
O6 | -28.56052 | 43.67061 | -55.30127
N1 | -27.49365 | 41.6486 | -55.28163
N1 | -27.49365 | 41.6486 | -55.28163
C2 | -27.48732 | 40.26922 | -55.26677
C2 | -27.48732 | 40.26922 | -55.26677
N2 | -26.29858 | 39.66225 | -55.23181
N2 | -26.29858 | 39.66225 | -55.23181
N3 | -28.59922 | 39.54265 | -55.27208
N3 | -28.59922 | 39.54265 | -55.27208
C4 | -29.73019 | 40.28712 | -55.25807
C4 | -29.73019 | 40.28712 | -55.25807
