43
G_U_20-U_U_19-3ts0.pdb
P | -51.96591 | 1.27687 | 4.494
OP1 | -51.24936 | 1.87083 | 5.64292
OP2 | -51.6538 | 1.74368 | 3.11072
O5' | -51.85447 | -0.3091 | 4.62657
C5' | -50.80074 | -0.85056 | 3.94881
C4' | -50.81962 | -2.3524 | 3.89768
O4' | -51.98687 | -2.80321 | 3.16421
C3' | -49.63679 | -2.66578 | 3.01521
O3' | -48.48545 | -2.86888 | 3.80015
C2' | -50.10048 | -3.80988 | 2.13358
O2' | -49.86531 | -5.09327 | 2.67225
C1' | -51.59387 | -3.52984 | 2.01191
N1 | -51.99369 | -2.88061 | 0.68704
C2 | -52.15259 | -3.70322 | -0.42553
O2 | -52.01716 | -4.91137 | -0.39909
N3 | -52.48725 | -3.06595 | -1.60675
C4 | -52.69084 | -1.71039 | -1.8107
O4 | -53.01108 | -1.3091 | -2.9347
C5 | -52.48822 | -0.90838 | -0.61993
C6 | -52.1537 | -1.50091 | 0.54969
P | -47.50948 | -1.64683 | 4.17385
OP1 | -47.9935 | -1.04002 | 5.42787
OP2 | -47.2676 | -0.80169 | 2.98155
O5' | -46.13307 | -2.3701 | 4.48595
C5' | -46.03114 | -3.75989 | 4.81419
C4' | -44.80357 | -4.33861 | 4.14803
O4' | -45.12596 | -4.76974 | 2.80803
C3' | -43.63629 | -3.36813 | 4.02402
O3' | -42.44038 | -4.04186 | 4.36584
C2' | -43.70544 | -2.93956 | 2.56351
O2' | -42.53033 | -2.39774 | 1.99982
C1' | -44.15732 | -4.24136 | 1.92044
N9 | -44.76957 | -4.06365 | 0.60956
C8 | -45.79507 | -3.20253 | 0.27532
N7 | -46.14524 | -3.27437 | -0.97618
C5 | -45.29875 | -4.24629 | -1.50264
C6 | -45.20887 | -4.77657 | -2.81705
O6 | -45.87292 | -4.45181 | -3.80905
N1 | -44.25754 | -5.80389 | -2.9205
C2 | -43.4757 | -6.25125 | -1.87573
N2 | -42.5838 | -7.20801 | -2.14378
N3 | -43.56955 | -5.76307 | -0.64402
C4 | -44.47802 | -4.76584 | -0.52673
