46
G_U_21-G_U_21-3ts0.pdb
P | -19.48895 | -46.07066 | -72.3114
P | -19.48895 | -46.07066 | -72.3114
OP1 | -20.51884 | -47.08841 | -72.66344
OP1 | -20.51884 | -47.08841 | -72.66344
OP2 | -19.87566 | -44.75784 | -71.74162
OP2 | -19.87566 | -44.75784 | -71.74162
O5' | -18.43242 | -46.72233 | -71.33137
O5' | -18.43242 | -46.72233 | -71.33137
C5' | -17.78355 | -47.95422 | -71.55644
C5' | -17.78355 | -47.95422 | -71.55644
C4' | -16.87868 | -48.18275 | -70.36118
C4' | -16.87868 | -48.18275 | -70.36118
O4' | -15.96943 | -47.06179 | -70.23077
O4' | -15.96943 | -47.06179 | -70.23077
C3' | -17.60557 | -48.29237 | -69.01896
C3' | -17.60557 | -48.29237 | -69.01896
O3' | -17.29745 | -49.52877 | -68.40995
O3' | -17.29745 | -49.52877 | -68.40995
C2' | -17.25437 | -47.04611 | -68.20072
C2' | -17.25437 | -47.04611 | -68.20072
O2' | -17.03087 | -47.32292 | -66.82879
O2' | -17.03087 | -47.32292 | -66.82879
C1' | -15.97534 | -46.58541 | -68.89799
C1' | -15.97534 | -46.58541 | -68.89799
N9 | -15.63177 | -45.1601 | -68.90978
N9 | -15.63177 | -45.1601 | -68.90978
C8 | -16.45164 | -44.04819 | -68.93455
C8 | -16.45164 | -44.04819 | -68.93455
N7 | -15.79663 | -42.91336 | -68.93078
N7 | -15.79663 | -42.91336 | -68.93078
C5 | -14.4524 | -43.29094 | -68.92592
C5 | -14.4524 | -43.29094 | -68.92592
C6 | -13.25322 | -42.51281 | -68.92642
C6 | -13.25322 | -42.51281 | -68.92642
O6 | -13.13254 | -41.27985 | -68.9419
O6 | -13.13254 | -41.27985 | -68.9419
N1 | -12.09696 | -43.31048 | -68.92152
N1 | -12.09696 | -43.31048 | -68.92152
C2 | -12.09636 | -44.69921 | -68.93133
C2 | -12.09636 | -44.69921 | -68.93133
N2 | -10.90594 | -45.31976 | -68.93577
N2 | -10.90594 | -45.31976 | -68.93577
N3 | -13.20548 | -45.43467 | -68.92912
N3 | -13.20548 | -45.43467 | -68.92912
C4 | -14.34242 | -44.67382 | -68.92839
C4 | -14.34242 | -44.67382 | -68.92839
