46
G_U_2-G_U_4-3ts0.pdb
P | -5.52941 | 17.77574 | 56.23219
OP1 | -6.82635 | 17.73258 | 56.94746
OP2 | -4.5588 | 18.80891 | 56.64837
O5' | -4.8194 | 16.35672 | 56.33741
C5' | -5.54007 | 15.15398 | 56.1458
C4' | -4.58566 | 13.98941 | 56.04481
O4' | -3.66681 | 14.23177 | 54.94769
C3' | -3.65144 | 13.79834 | 57.22492
O3' | -4.27331 | 13.26767 | 58.37035
C2' | -2.59889 | 12.91502 | 56.57659
O2' | -3.00854 | 11.58395 | 56.3431
C1' | -2.39803 | 13.66294 | 55.25791
N9 | -1.34347 | 14.6932 | 55.35409
C8 | -1.50427 | 16.0596 | 55.48286
N7 | -0.39738 | 16.73133 | 55.5914
C5 | 0.58064 | 15.74521 | 55.55863
C6 | 1.99774 | 15.86432 | 55.65514
O6 | 2.65971 | 16.90174 | 55.85462
N1 | 2.63251 | 14.60972 | 55.63764
C2 | 1.97274 | 13.40259 | 55.52016
N2 | 2.73026 | 12.31613 | 55.45039
N3 | 0.65725 | 13.27459 | 55.40575
C4 | 0.01871 | 14.48354 | 55.42954
P | 0.21911 | 12.10755 | 63.77464
OP1 | -0.55067 | 11.49429 | 64.8882
OP2 | 0.08368 | 13.56798 | 63.48572
O5' | 1.78501 | 11.8758 | 64.06299
C5' | 2.4225 | 10.60464 | 63.88793
C4' | 3.9149 | 10.73083 | 63.62801
O4' | 4.20323 | 11.47328 | 62.4141
C3' | 4.72453 | 11.43634 | 64.70575
O3' | 4.93971 | 10.59134 | 65.82866
C2' | 5.98797 | 11.77754 | 63.92183
O2' | 6.85427 | 10.676 | 63.74103
C1' | 5.39683 | 12.21393 | 62.58537
N9 | 5.10938 | 13.65193 | 62.48675
C8 | 3.87759 | 14.26665 | 62.42431
N7 | 3.91844 | 15.56852 | 62.33052
C5 | 5.27292 | 15.84247 | 62.3307
C6 | 5.9425 | 17.08503 | 62.21395
O6 | 5.42818 | 18.2048 | 62.07579
N1 | 7.33195 | 16.9574 | 62.23617
C2 | 7.98702 | 15.75225 | 62.3442
N2 | 9.32646 | 15.79719 | 62.3708
N3 | 7.37252 | 14.5736 | 62.40922
C4 | 6.01803 | 14.68689 | 62.41077
