45
G_U_7-A_U_6-3ts0.pdb
P | -1.42245 | 3.89248 | 44.82882
OP1 | -2.70421 | 3.99747 | 45.57821
OP2 | -0.29165 | 4.80896 | 45.1801
O5' | -0.80514 | 2.43445 | 45.01337
C5' | -1.51758 | 1.25657 | 44.66463
C4' | -0.58383 | 0.06448 | 44.69243
O4' | 0.64478 | 0.34011 | 43.96472
C3' | -0.16976 | -0.38018 | 46.08268
O3' | -0.15797 | -1.78622 | 46.07551
C2' | 1.25429 | 0.16206 | 46.23461
O2' | 2.01014 | -0.66122 | 47.1054
C1' | 1.78515 | 0.15927 | 44.79382
N9 | 2.76117 | 1.21851 | 44.48603
C8 | 2.5197 | 2.56334 | 44.29426
N7 | 3.57929 | 3.30806 | 44.0216
C5 | 4.59411 | 2.37173 | 43.99689
C6 | 5.98644 | 2.5132 | 43.79034
N6 | 6.56744 | 3.69219 | 43.54862
N1 | 6.74516 | 1.3902 | 43.85238
C2 | 6.1475 | 0.19861 | 44.09653
N3 | 4.85069 | -0.05644 | 44.33087
C4 | 4.11288 | 1.0757 | 44.24569
P | -1.20857 | -2.75856 | 46.78138
OP1 | -1.84442 | -3.57268 | 45.70558
OP2 | -2.05967 | -1.97731 | 47.71584
O5' | -0.2609 | -3.70321 | 47.65961
C5' | 0.89828 | -4.38007 | 47.15883
C4' | 2.02093 | -4.37056 | 48.18163
O4' | 2.46421 | -3.01086 | 48.39038
C3' | 1.56271 | -4.85546 | 49.53809
O3' | 2.10288 | -6.11095 | 49.77537
C2' | 1.93227 | -3.77821 | 50.55714
O2' | 2.663 | -4.203 | 51.6979
C1' | 2.75525 | -2.79819 | 49.75196
N9 | 2.51671 | -1.39142 | 50.07566
C8 | 1.31637 | -0.72656 | 50.21528
N7 | 1.44265 | 0.55356 | 50.4557
C5 | 2.81847 | 0.74762 | 50.5054
C6 | 3.57618 | 1.92201 | 50.73019
O6 | 3.17116 | 3.06451 | 50.95369
N1 | 4.94804 | 1.67963 | 50.65798
C2 | 5.53583 | 0.44776 | 50.43417
N2 | 6.87372 | 0.38395 | 50.38251
N3 | 4.83782 | -0.65368 | 50.22096
C4 | 3.49043 | -0.43895 | 50.27484
