32
G_U_7-GLN_A_76-3ts0.pdb
N | 3.66639 | -0.41894 | 5.75909
CA | 3.5116 | 0.67611 | 4.80287
C | 2.60601 | 1.80895 | 5.27763
O | 2.84793 | 2.96277 | 4.92161
CB | 3.08569 | 0.17027 | 3.42132
CG | 1.87048 | -0.74766 | 3.43355
CD | 0.52997 | -0.04962 | 3.43155
OE1 | 0.42781 | 1.19387 | 3.35357
NE2 | -0.53383 | -0.85424 | 3.55035
P | -5.6676 | -1.43569 | -2.99738
OP1 | -6.65609 | -2.09526 | -3.89865
OP2 | -6.05754 | -0.21819 | -2.24002
O5' | -5.12295 | -2.51091 | -1.94428
C5' | -4.37816 | -3.6837 | -2.29426
C4' | -3.27643 | -3.95286 | -1.28415
O4' | -2.30569 | -2.88362 | -1.34119
C3' | -3.79109 | -3.95156 | 0.13719
O3' | -3.79083 | -5.25237 | 0.6191
C2' | -2.94263 | -2.95754 | 0.92938
O2' | -2.36549 | -3.43164 | 2.13682
C1' | -1.85436 | -2.56731 | -0.04501
N9 | -1.47728 | -1.15422 | -0.00386
C8 | -2.29094 | -0.04053 | -0.00609
N7 | -1.63897 | 1.09402 | -0.01904
C5 | -0.30312 | 0.70925 | 0.00268
C6 | 0.88009 | 1.48632 | 0.0
O6 | 0.99094 | 2.7139 | -0.00688
N1 | 2.02634 | 0.69139 | -0.01272
C2 | 2.04574 | -0.69138 | 0.01273
N2 | 3.23499 | -1.30913 | -0.01495
N3 | 0.94736 | -1.42581 | 0.013
C4 | -0.18917 | -0.66898 | 0.01334
