17
PHE_A_163-CYS_A_174-3ts0.pdb
N | 0.48766 | -5.02194 | 1.1721
CA | 0.33401 | -3.58235 | 1.34527
C | -0.68978 | -3.18964 | 2.42226
O | -0.42047 | -2.29017 | 3.19966
CB | -0.01137 | -2.91159 | 0.01148
CG | -0.0076 | -1.41027 | 0.02627
CD1 | 1.19331 | -0.70087 | 0.00059
CD2 | -1.20122 | -0.69373 | -0.00928
CE1 | 1.19942 | 0.70088 | -0.00058
CE2 | -1.19257 | 0.70786 | -0.01697
CZ | 0.0087 | 1.39616 | 1e-05
N | -4.3057 | -5.11901 | -5.3193
CA | -4.64503 | -4.25228 | -4.21819
C | -5.31356 | -2.93861 | -4.61566
O | -4.64857 | -2.04411 | -5.15422
CB | -3.45972 | -4.03175 | -3.28907
SG | -3.86051 | -3.03865 | -1.8288
