20
PHE_A_163-LYS_A_177-3ts0.pdb
N | 10.64863 | -3.90697 | 2.06161
CA | 10.45239 | -2.6574 | 1.33629
C | 11.7572 | -1.91138 | 1.01506
O | 11.90461 | -1.41894 | -0.09024
CB | 9.48589 | -1.73978 | 2.09262
CG | 9.05891 | -0.50511 | 1.35268
CD1 | 8.10085 | -0.57665 | 0.34121
CD2 | 9.55371 | 0.74688 | 1.7092
CE1 | 7.68957 | 0.57666 | -0.3412
CE2 | 9.13612 | 1.89952 | 1.02975
CZ | 8.21539 | 1.8048 | 1e-05
N | 8.50726 | 2.97631 | 4.4277
CA | 7.15702 | 2.61677 | 3.96124
C | 6.10936 | 3.47029 | 4.64902
O | 5.08311 | 3.77549 | 4.03401
CB | 6.85494 | 1.12618 | 4.16529
CG | 5.64492 | 0.65234 | 3.39781
CD | 5.16394 | -0.70653 | 3.86563
CE | 4.13505 | -1.28745 | 2.9305
NZ | 3.70087 | -2.6373 | 3.37406
