16
PHE_A_95-ALA_A_41-3ts0.pdb
N | 1.34048 | 1.57685 | -3.6271
CA | 2.77037 | 1.37588 | -3.41938
C | 3.32758 | 2.55169 | -2.62764
O | 2.77804 | 3.66216 | -2.68129
CB | 3.50602 | 1.20872 | -4.73349
N | 1.08444 | -3.12827 | -2.20797
CA | -0.0022 | -3.6456 | -1.39807
C | -1.33568 | -3.44466 | -2.03193
O | -1.48089 | -2.63483 | -2.95351
CB | -0.00749 | -2.92788 | 0.00438
CG | -0.0021 | -1.40844 | 0.00508
CD1 | 1.18958 | -0.6995 | 0.00061
CD2 | -1.18938 | -0.69033 | -0.00429
CE1 | 1.18835 | 0.69951 | -0.0006
CE2 | -1.18619 | 0.70816 | -0.00078
CZ | -0.00023 | 1.39063 | 1e-05
