19
PHE_A_47-MET_A_81-3ts0.pdb
N | 6.90132 | -5.13986 | -0.87723
CA | 6.71096 | -3.82135 | -0.29856
C | 5.51423 | -3.87744 | 0.67111
O | 4.45824 | -4.47152 | 0.36783
CB | 6.4829 | -2.76494 | -1.3823
CG | 6.71438 | -1.34957 | -0.90288
CD1 | 5.71725 | -0.6519 | -0.22775
CD2 | 7.91827 | -0.70332 | -1.13976
CE1 | 5.93475 | 0.65191 | 0.22776
CE2 | 8.1363 | 0.59659 | -0.65877
CZ | 7.14035 | 1.27196 | 0.0
N | 6.52777 | 8.7191 | -8.23
CA | 5.08247 | 8.53291 | -8.36243
C | 4.30408 | 9.79621 | -8.0047
O | 4.75259 | 10.59443 | -7.17708
CB | 4.64301 | 7.49704 | -7.33786
CG | 4.7532 | 6.09599 | -7.78401
SD | 4.63147 | 5.08332 | -6.30958
CE | 2.89712 | 4.91879 | -6.24122
