22
PHE_A_97-ARG_A_61-3ts0.pdb
N | 6.28807 | 6.82097 | 0.21276
CA | 7.36887 | 5.8534 | -0.01825
C | 8.61608 | 6.44983 | 0.59197
O | 8.99836 | 7.56565 | 0.22133
CB | 7.62023 | 5.65986 | -1.52264
CG | 8.55378 | 4.485 | -1.84088
CD | 9.36268 | 4.73002 | -3.08712
NE | 8.52802 | 4.79547 | -4.28623
CZ | 8.46778 | 5.84977 | -5.10256
NH1 | 9.2123 | 6.92916 | -4.86764
NH2 | 7.66922 | 5.82925 | -6.16593
N | 8.26657 | -3.17741 | 2.00177
CA | 7.94402 | -3.81749 | 0.73262
C | 9.1928 | -3.95546 | -0.13124
O | 10.24728 | -3.44279 | 0.23572
CB | 6.78296 | -3.08523 | 0.01521
CG | 7.1761 | -1.74429 | -0.55094
CD1 | 7.2188 | -0.61464 | 0.25785
CD2 | 7.5226 | -1.60983 | -1.88896
CE1 | 7.6175 | 0.61465 | -0.25784
CE2 | 7.88741 | -0.36492 | -2.40823
CZ | 7.94684 | 0.73113 | -1.58646
