33
PHE_A_73-A_U_10-3ts0.pdb
N | 0.17689 | -5.04153 | -1.29154
CA | 0.03784 | -3.58358 | -1.40737
C | 1.20255 | -2.99743 | -2.18893
O | 2.34237 | -3.41948 | -1.9995
CB | -0.01506 | -2.92378 | -0.01574
CG | -0.00705 | -1.40692 | -0.00629
CD1 | 1.19193 | -0.69948 | 0.0101
CD2 | -1.19592 | -0.68978 | -0.01107
CE1 | 1.19553 | 0.69949 | -0.01009
CE2 | -1.18878 | 0.70567 | 0.01738
CZ | 0.00432 | 1.39105 | 0.0
P | -3.73126 | 4.36466 | 3.8225
OP1 | -4.5509 | 5.46618 | 3.26067
OP2 | -3.31769 | 4.2777 | 5.25161
O5' | -4.44202 | 2.96294 | 3.51894
C5' | -4.9695 | 2.54582 | 2.26036
C4' | -5.04202 | 1.02877 | 2.19315
O4' | -3.71326 | 0.4867 | 2.01368
C3' | -5.63509 | 0.2881 | 3.38683
O3' | -6.41071 | -0.77 | 2.87009
C2' | -4.42009 | -0.24032 | 4.1506
O2' | -4.68186 | -1.44781 | 4.83283
C1' | -3.41057 | -0.44822 | 3.02915
N9 | -2.0201 | -0.23821 | 3.39886
C8 | -1.40073 | 0.95718 | 3.66734
N7 | -0.1253 | 0.84079 | 3.97337
C5 | 0.11278 | -0.51117 | 3.81379
C6 | 1.27689 | -1.29329 | 3.95093
N6 | 2.4732 | -0.78214 | 4.27581
N1 | 1.17734 | -2.622 | 3.74685
C2 | -0.00807 | -3.14945 | 3.44575
N3 | -1.15872 | -2.51849 | 3.25545
C4 | -1.03558 | -1.19228 | 3.45398
