31
PHE_A_84-U_U_5-3ts0.pdb
N | 0.31685 | -4.99158 | 1.22646
CA | 0.20073 | -3.53944 | 1.35013
C | -0.92725 | -3.174 | 2.31566
O | -2.07308 | -3.64109 | 2.14682
CB | -0.00779 | -2.90968 | -0.0159
CG | -0.00197 | -1.40526 | -0.00406
CD1 | 1.19818 | -0.69858 | 0.001
CD2 | -1.1987 | -0.68725 | -0.01286
CE1 | 1.19863 | 0.69859 | -0.00099
CE2 | -1.19506 | 0.70337 | 0.01694
CZ | -0.00104 | 1.38915 | 1e-05
P | 0.67807 | -7.50766 | -5.90073
OP1 | 1.32896 | -8.68161 | -5.25036
OP2 | -0.62306 | -7.02303 | -5.36808
O5' | 1.69948 | -6.27033 | -5.85229
C5' | 3.04462 | -6.44547 | -6.37348
C4' | 3.75041 | -5.1232 | -6.59219
O4' | 2.97188 | -4.33986 | -7.51351
C3' | 3.83943 | -4.24792 | -5.35186
O3' | 4.91169 | -4.64298 | -4.48515
C2' | 3.90523 | -2.83269 | -5.94093
O2' | 5.14971 | -2.31452 | -6.3952
C1' | 3.00026 | -2.97844 | -7.13988
N1 | 1.64667 | -2.38623 | -6.93596
C2 | 1.53608 | -0.99629 | -6.91946
O2 | 2.47665 | -0.21537 | -7.04716
N3 | 0.25156 | -0.53599 | -6.72893
C4 | -0.89467 | -1.28391 | -6.5336
O4 | -1.94986 | -0.68145 | -6.38363
C5 | -0.717 | -2.71736 | -6.55789
C6 | 0.52553 | -3.2015 | -6.75421
