21
PHE_A_47-HIS_A_75-3ts0.pdb
N | -19.29513 | 3.45451 | -0.01357
CA | -18.37348 | 4.54237 | -0.29046
C | -17.0316 | 3.94415 | -0.75636
O | -16.52091 | 2.96226 | -0.17748
CB | -18.17422 | 5.43056 | 0.93996
CG | -17.59973 | 6.79106 | 0.61486
CD1 | -16.22866 | 6.96782 | 0.4544
CD2 | -18.42114 | 7.90103 | 0.487
CE1 | -15.69759 | 8.2225 | 0.1406
CE2 | -17.8822 | 9.1516 | 0.149
CZ | -16.52758 | 9.3093 | 0.0
N | -20.50155 | 12.97301 | -1.99662
CA | -19.15434 | 13.24928 | -2.44662
C | -18.33592 | 13.6326 | -1.22789
O | -18.81851 | 14.36727 | -0.36112
CB | -19.14073 | 14.3462 | -3.52464
CG | -17.78621 | 14.56337 | -4.13332
ND1 | -17.03788 | 15.68732 | -3.84141
CD2 | -17.07262 | 13.76947 | -4.96644
CE1 | -15.91185 | 15.5526 | -4.51945
NE2 | -15.89298 | 14.41738 | -5.21391
