15
PHE_A_95-GLY_A_42-3ts0.pdb
N | 4.38941 | 2.2826 | -1.88014
CA | 5.05936 | 3.28292 | -1.07377
C | 6.12614 | 2.70537 | -0.17839
O | 6.86038 | 1.79136 | -0.56553
N | 1.08444 | -3.12827 | -2.20797
CA | -0.0022 | -3.6456 | -1.39807
C | -1.33568 | -3.44466 | -2.03193
O | -1.48089 | -2.63483 | -2.95351
CB | -0.00749 | -2.92788 | 0.00438
CG | -0.0021 | -1.40844 | 0.00508
CD1 | 1.18958 | -0.6995 | 0.00061
CD2 | -1.18938 | -0.69033 | -0.00429
CE1 | 1.18835 | 0.69951 | -0.0006
CE2 | -1.18619 | 0.70816 | -0.00078
CZ | -0.00023 | 1.39063 | 1e-05
