19
PHE_A_97-LEU_A_104-3ts0.pdb
N | -2.6998 | 12.18047 | -5.21129
CA | -3.88189 | 11.50336 | -4.69296
C | -5.02713 | 12.49216 | -4.50462
O | -4.829 | 13.69309 | -4.67178
CB | -3.55046 | 10.70115 | -3.41018
CG | -3.29523 | 11.57134 | -2.20567
CD1 | -2.05299 | 12.16137 | -2.00378
CD2 | -4.30022 | 11.81881 | -1.27982
CE1 | -1.83015 | 12.99394 | -0.91143
CE2 | -4.05865 | 12.62711 | -0.16589
CZ | -2.83305 | 13.21919 | 1e-05
N | -8.99396 | 7.59332 | 0.52159
CA | -7.99311 | 8.31784 | -0.28669
C | -7.56583 | 7.39899 | -1.43594
O | -7.33716 | 6.2062 | -1.22858
CB | -6.78514 | 8.74099 | 0.55209
CG | -7.07651 | 9.65411 | 1.74743
CD1 | -5.84226 | 9.80317 | 2.61699
CD2 | -7.58317 | 11.02641 | 1.30753
