19
PHE_A_47-MET_A_51-3ts0.pdb
N | 6.6524 | -4.79731 | 2.29609
CA | 6.52001 | -3.37934 | 2.01084
C | 5.04658 | -2.97281 | 2.2091
O | 4.11246 | -3.68113 | 1.77816
CB | 6.98787 | -3.05059 | 0.59114
CG | 7.29052 | -1.58407 | 0.38043
CD1 | 6.2736 | -0.67916 | 0.09089
CD2 | 8.59029 | -1.10584 | 0.45119
CE1 | 6.55043 | 0.67917 | -0.09088
CE2 | 8.85622 | 0.26242 | 0.29057
CZ | 7.84245 | 1.13985 | 0.0
N | 2.34939 | 3.38177 | 3.99005
CA | 3.37525 | 3.88359 | 4.91588
C | 4.66217 | 4.33054 | 4.21997
O | 5.38896 | 5.16951 | 4.75179
CB | 3.66549 | 2.89621 | 6.06776
CG | 2.45397 | 2.56013 | 6.93181
SD | 1.60732 | 3.98708 | 7.63972
CE | -0.06091 | 3.31711 | 7.82999
