22
PHE_A_84-PHE_A_84-3ts0.pdb
N | 2.97849 | -2.2345 | 48.38027
N | 2.97849 | -2.2345 | 48.38027
CA | 2.86238 | -0.78236 | 48.50394
CA | 2.86238 | -0.78236 | 48.50394
C | 1.7344 | -0.41692 | 49.46947
C | 1.7344 | -0.41692 | 49.46947
O | 0.58856 | -0.88401 | 49.30062
O | 0.58856 | -0.88401 | 49.30062
CB | 2.65385 | -0.15259 | 47.13791
CB | 2.65385 | -0.15259 | 47.13791
CG | 2.65967 | 1.35182 | 47.14975
CG | 2.65967 | 1.35182 | 47.14975
CD1 | 3.85982 | 2.0585 | 47.15481
CD1 | 3.85982 | 2.0585 | 47.15481
CD2 | 1.46294 | 2.06984 | 47.14095
CD2 | 1.46294 | 2.06984 | 47.14095
CE1 | 3.86027 | 3.45567 | 47.15281
CE1 | 3.86027 | 3.45567 | 47.15281
CE2 | 1.46658 | 3.46045 | 47.17074
CE2 | 1.46658 | 3.46045 | 47.17074
CZ | 2.6606 | 4.14624 | 47.15381
CZ | 2.6606 | 4.14624 | 47.15381
