34
PHE_A_73-G_U_9-3ts0.pdb
N | 0.17689 | -5.04153 | -1.29154
CA | 0.03784 | -3.58358 | -1.40737
C | 1.20255 | -2.99743 | -2.18893
O | 2.34237 | -3.41948 | -1.9995
CB | -0.01506 | -2.92378 | -0.01574
CG | -0.00705 | -1.40692 | -0.00629
CD1 | 1.19193 | -0.69948 | 0.0101
CD2 | -1.19592 | -0.68978 | -0.01107
CE1 | 1.19553 | 0.69949 | -0.01009
CE2 | -1.18878 | 0.70567 | 0.01738
CZ | 0.00432 | 1.39105 | 0.0
P | -0.07375 | 8.838 | 0.51474
OP1 | 0.68998 | 9.52611 | 1.58162
OP2 | 0.49414 | 8.65368 | -0.84882
O5' | -0.5622 | 7.45703 | 1.10407
C5' | -1.32728 | 6.51978 | 0.39666
C4' | -1.35532 | 5.23044 | 1.18688
O4' | -0.11627 | 4.48727 | 1.07482
C3' | -1.59082 | 5.35307 | 2.68009
O3' | -2.40878 | 4.24832 | 2.94924
C2' | -0.18468 | 5.22657 | 3.29098
O2' | -0.12764 | 4.73121 | 4.61527
C1' | 0.4412 | 4.21621 | 2.35037
N9 | 1.89119 | 4.19699 | 2.18969
C8 | 2.64855 | 3.05573 | 2.07152
N7 | 3.90191 | 3.26225 | 1.78345
C5 | 3.97419 | 4.6383 | 1.62553
C6 | 5.07903 | 5.47558 | 1.30161
O6 | 6.23668 | 5.16921 | 1.03423
N1 | 4.75725 | 6.82788 | 1.29302
C2 | 3.4996 | 7.31659 | 1.54254
N2 | 3.36564 | 8.63823 | 1.42875
N3 | 2.4555 | 6.5514 | 1.85208
C4 | 2.74112 | 5.22321 | 1.84951
