15
PHE_A_116-GLY_A_114-3ts0.pdb
N | 1.51416 | -3.93087 | -8.50243
CA | 2.09707 | -2.88312 | -7.66524
C | 1.34339 | -2.49582 | -6.40795
O | 1.74332 | -1.53721 | -5.72351
N | -0.155 | -3.27618 | -2.39601
CA | 0.56489 | -3.65172 | -1.18173
C | 0.51536 | -5.13607 | -0.93767
O | -0.43617 | -5.81412 | -1.3568
CB | -0.0077 | -2.9233 | 0.03114
CG | -0.00197 | -1.40877 | -0.00948
CD1 | 1.19234 | -0.69843 | 0.00546
CD2 | -1.19231 | -0.69165 | 0.01634
CE1 | 1.19011 | 0.69844 | -0.00545
CE2 | -1.18794 | 0.70932 | -0.00685
CZ | -0.0002 | 1.39112 | 0.0
