22
PHE_A_97-PHE_A_97-3ts0.pdb
N | -4.59539 | 9.04197 | -22.3203
N | -4.59539 | 9.04197 | -22.3203
CA | -5.9669 | 8.86011 | -21.86165
CA | -5.9669 | 8.86011 | -21.86165
C | -6.95273 | 9.40828 | -22.88751
C | -6.95273 | 9.40828 | -22.88751
O | -6.53492 | 10.01817 | -23.86878
O | -6.53492 | 10.01817 | -23.86878
CB | -6.16692 | 9.4531 | -20.44486
CB | -6.16692 | 9.4531 | -20.44486
CG | -6.16335 | 10.96056 | -20.41773
CG | -6.16335 | 10.96056 | -20.41773
CD1 | -4.96797 | 11.66978 | -20.40649
CD1 | -4.96797 | 11.66978 | -20.40649
CD2 | -7.35359 | 11.67593 | -20.42211
CD2 | -7.35359 | 11.67593 | -20.42211
CE1 | -4.96632 | 13.06114 | -20.41885
CE1 | -4.96632 | 13.06114 | -20.41885
CE2 | -7.34456 | 13.07303 | -20.39817
CE2 | -7.34456 | 13.07303 | -20.39817
CZ | -6.15354 | 13.75232 | -20.41267
CZ | -6.15354 | 13.75232 | -20.41267
