17
PHE_A_163-CYS_A_164-3ts0.pdb
N | 0.48766 | -5.02194 | 1.1721
CA | 0.33401 | -3.58235 | 1.34527
C | -0.68978 | -3.18964 | 2.42226
O | -0.42047 | -2.29017 | 3.19966
CB | -0.01137 | -2.91159 | 0.01148
CG | -0.0076 | -1.41027 | 0.02627
CD1 | 1.19331 | -0.70087 | 0.00059
CD2 | -1.20122 | -0.69373 | -0.00928
CE1 | 1.19942 | 0.70088 | -0.00058
CE2 | -1.19257 | 0.70786 | -0.01697
CZ | 0.0087 | 1.39616 | 1e-05
N | -1.85241 | -3.83085 | 2.46006
CA | -2.93509 | -3.44323 | 3.35076
C | -3.39632 | -4.53127 | 4.30597
O | -4.38628 | -4.31595 | 4.99258
CB | -4.10819 | -2.91932 | 2.52179
SG | -5.01364 | -4.22011 | 1.64191
