17
PHE_A_47-SER_A_86-3ts0.pdb
N | -0.26986 | -4.9125 | -1.44245
CA | 0.15929 | -3.52533 | -1.40894
C | 1.63209 | -3.45472 | -1.85778
O | 2.47906 | -4.27308 | -1.4419
CB | -0.01251 | -2.92258 | -0.01263
CG | -0.00872 | -1.41043 | -0.004
CD1 | 1.1874 | -0.69904 | 0.00278
CD2 | -1.1956 | -0.69349 | 0.01664
CE1 | 1.19219 | 0.69905 | -0.00277
CE2 | -1.18176 | 0.70922 | -0.01262
CZ | 0.00651 | 1.39472 | 1e-05
N | 1.75231 | 2.29346 | 4.57901
CA | 1.8062 | 1.05523 | 3.80474
C | 0.95205 | 0.07961 | 4.55737
O | 0.65284 | 0.3261 | 5.71602
CB | 3.24136 | 0.5118 | 3.74022
OG | 3.89194 | 0.4605 | 5.00079
