19
PHE_A_95-LEU_A_38-3ts0.pdb
N | -18.27011 | 4.15383 | -0.11987
CA | -17.58073 | 5.10585 | -0.96688
C | -16.43353 | 4.51862 | -1.69017
O | -15.90528 | 3.50937 | -1.24316
CB | -17.19439 | 6.36274 | -0.20582
CG | -18.37754 | 7.21869 | 0.20596
CD1 | -18.08177 | 7.97189 | 1.4474
CD2 | -18.81193 | 8.13023 | -0.91097
N | -10.04967 | 1.31981 | -3.6675
CA | -10.76295 | 0.62337 | -2.61368
C | -12.13476 | 1.16304 | -2.39632
O | -12.45251 | 2.27406 | -2.83325
CB | -9.9634 | 0.74431 | -1.26161
CG | -9.56075 | 2.14046 | -0.81733
CD1 | -8.35313 | 2.69456 | -1.21401
CD2 | -10.39714 | 2.90323 | -0.01483
CE1 | -7.98853 | 3.98126 | -0.80332
CE2 | -10.02681 | 4.18729 | 0.39731
CZ | -8.82872 | 4.71551 | 1e-05
