19
PHE_A_97-LEU_A_37-3ts0.pdb
N | -9.04 | 11.16385 | -7.60249
CA | -7.7157 | 10.5734 | -7.41124
C | -6.88853 | 11.5011 | -6.57077
O | -6.6052 | 12.64598 | -6.9643
CB | -7.04707 | 10.43611 | -8.77634
CG | -6.9438 | 9.04656 | -9.39652
CD1 | -8.30119 | 8.25896 | -9.34494
CD2 | -6.43459 | 9.14623 | -10.80405
N | -4.73336 | 7.36245 | -4.16038
CA | -5.87907 | 6.68988 | -3.5608
C | -7.1788 | 7.36838 | -3.97923
O | -7.14048 | 8.41141 | -4.62734
CB | -5.71859 | 6.57212 | -2.02479
CG | -5.87787 | 7.8851 | -1.30097
CD1 | -4.82056 | 8.78321 | -1.21408
CD2 | -7.08954 | 8.23604 | -0.72035
CE1 | -4.98014 | 10.0103 | -0.5778
CE2 | -7.23208 | 9.45473 | -0.05176
CZ | -6.18311 | 10.33629 | 0.0
