15
PHE_A_55-GLY_A_54-3ts0.pdb
N | 3.76309 | -1.78104 | 4.28658
CA | 3.46377 | -2.55775 | 3.09886
C | 1.99419 | -2.46317 | 2.77594
O | 1.30851 | -1.53764 | 3.2372
N | 1.49368 | -3.42096 | 1.98352
CA | 0.09845 | -3.44531 | 1.5299
C | -0.49568 | -4.81907 | 1.59579
O | 0.1975 | -5.81501 | 1.39552
CB | -0.01451 | -2.90792 | 0.08498
CG | -0.00779 | -1.40582 | 0.0148
CD1 | 1.1872 | -0.69971 | 0.0026
CD2 | -1.1947 | -0.69255 | -0.00527
CE1 | 1.19338 | 0.69972 | -0.00259
CE2 | -1.18569 | 0.70585 | -0.00951
CZ | 0.00763 | 1.39255 | 0.0
