19
PHE_A_97-LEU_A_38-3ts0.pdb
N | -8.00894 | 10.28494 | -4.81079
CA | -7.18713 | 10.84886 | -3.75929
C | -5.76385 | 10.4646 | -3.86249
O | -5.46774 | 9.44827 | -4.47638
CB | -7.75846 | 10.56246 | -2.38096
CG | -9.05626 | 11.29295 | -2.09084
CD1 | -9.89845 | 10.52414 | -1.14447
CD2 | -8.80116 | 12.69379 | -1.60128
N | -5.77936 | 6.69089 | -5.0278
CA | -6.77596 | 5.71684 | -4.6006
C | -8.17467 | 6.32132 | -4.65509
O | -8.31308 | 7.515 | -4.91078
CB | -6.42076 | 5.12315 | -3.21485
CG | -6.61409 | 6.09357 | -2.07725
CD1 | -5.64311 | 7.04191 | -1.77741
CD2 | -7.77432 | 6.07494 | -1.31441
CE1 | -5.83924 | 7.96066 | -0.75101
CE2 | -7.94892 | 6.97743 | -0.262
CZ | -6.98887 | 7.92074 | 0.0
