20
PHE_A_116-GLU_A_82-3ts0.pdb
N | 6.0928 | -3.08183 | 2.53419
CA | 5.13269 | -2.62683 | 3.5413
C | 4.5119 | -3.8662 | 4.19198
O | 4.05395 | -4.77107 | 3.50123
CB | 4.03373 | -1.75936 | 2.90641
CG | 4.46721 | -0.38149 | 2.41291
CD | 3.66777 | 0.09993 | 1.21292
OE1 | 3.53132 | -0.68996 | 0.25021
OE2 | 3.1652 | 1.24915 | 1.23566
N | 9.37917 | -1.20553 | -3.95355
CA | 9.10341 | -2.30014 | -3.02644
C | 9.08448 | -3.63366 | -3.72406
O | 8.77804 | -3.71484 | -4.9242
CB | 7.7684 | -2.08367 | -2.31906
CG | 7.61215 | -0.80623 | -1.51956
CD1 | 8.3664 | -0.58407 | -0.37371
CD2 | 6.65517 | 0.13933 | -1.86875
CE1 | 8.19864 | 0.58408 | 0.37372
CE2 | 6.50007 | 1.31458 | -1.12176
CZ | 7.25874 | 1.51875 | 0.0
