19
PHE_A_116-ASP_A_146-3ts0.pdb
N | 10.25153 | -1.15202 | -3.95532
CA | 10.05259 | -2.25752 | -3.02148
C | 10.11494 | -3.59292 | -3.71295
O | 9.80671 | -3.69951 | -4.91064
CB | 8.71095 | -2.12376 | -2.30619
CG | 8.47804 | -0.85508 | -1.51141
CD1 | 9.22373 | -0.57931 | -0.37163
CD2 | 7.46007 | 0.02534 | -1.85846
CE1 | 8.98602 | 0.57932 | 0.37164
CE2 | 7.23453 | 1.19186 | -1.11575
CZ | 7.98565 | 1.44984 | 1e-05
N | 0.03768 | 0.66704 | -0.56926
CA | -0.85193 | 1.75584 | -0.09392
C | -1.65693 | 2.50011 | -1.16378
O | -2.60018 | 3.18974 | -0.79823
CB | 0.01198 | 2.83226 | 0.64152
CG | 0.29955 | 2.57782 | 2.10854
OD1 | -0.61739 | 2.77921 | 2.93531
OD2 | 1.45741 | 2.22622 | 2.43621
