19
PHE_A_95-LEU_A_56-3ts0.pdb
N | -9.01349 | 9.34877 | 1.79833
CA | -7.79977 | 10.11783 | 2.01541
C | -8.021 | 10.85278 | 3.31172
O | -9.16124 | 11.23395 | 3.63327
CB | -7.61248 | 11.15964 | 0.87762
CG | -7.68232 | 10.65862 | -0.56917
CD1 | -7.48252 | 11.74982 | -1.50911
CD2 | -6.6435 | 9.58808 | -0.84241
N | -4.21308 | 16.67111 | -4.12381
CA | -5.41833 | 16.40235 | -4.88504
C | -6.31335 | 17.58991 | -4.97981
O | -6.17721 | 18.54597 | -4.20933
CB | -6.2229 | 15.22878 | -4.20873
CG | -6.53225 | 15.36452 | -2.72731
CD1 | -5.65046 | 14.88986 | -1.76821
CD2 | -7.69841 | 15.97981 | -2.29499
CE1 | -5.93976 | 15.0193 | -0.40558
CE2 | -7.98599 | 16.10302 | -0.93194
CZ | -7.1061 | 15.62389 | 0.0
