19
PHE_A_97-ASP_A_71-3ts0.pdb
N | -2.37749 | 5.15692 | 0.90793
CA | -3.00902 | 4.12116 | 0.099
C | -2.02337 | 3.5142 | -0.90239
O | -1.23431 | 4.24195 | -1.49155
CB | -4.26506 | 4.65146 | -0.58702
CG | -5.42011 | 4.96076 | 0.36127
OD1 | -5.26204 | 4.73559 | 1.607
OD2 | -6.48652 | 5.42529 | -0.13185
N | 6.31918 | -2.93981 | -2.42059
CA | 5.65592 | -2.03556 | -3.35166
C | 6.67814 | -1.16499 | -4.07411
O | 7.86021 | -1.21043 | -3.74234
CB | 4.54789 | -1.21684 | -2.64393
CG | 5.08355 | -0.1594 | -1.71221
CD1 | 5.48828 | -0.48505 | -0.42294
CD2 | 5.20252 | 1.16079 | -2.12618
CE1 | 6.01687 | 0.48506 | 0.42295
CE2 | 5.70079 | 2.13663 | -1.25901
CZ | 6.11752 | 1.78822 | 1e-05
