19
PHE_A_95-ILE_A_43-3ts0.pdb
N | -0.30269 | 3.19024 | -1.69844
CA | 1.02503 | 2.64653 | -1.40362
C | 1.06329 | 2.27276 | 0.06745
O | 0.25179 | 2.77519 | 0.85393
CB | 2.17483 | 3.67494 | -1.75236
CG1 | 2.01502 | 4.99512 | -0.9904
CG2 | 2.31824 | 3.93467 | -3.25741
CD1 | 3.2369 | 5.54165 | -0.51492
N | -6.79603 | -2.52939 | -3.32204
CA | -7.40816 | -3.24348 | -2.21763
C | -8.86483 | -2.95801 | -2.08736
O | -9.36789 | -1.97642 | -2.64382
CB | -6.70208 | -2.84041 | -0.86819
CG | -6.58826 | -1.35645 | -0.56214
CD1 | -5.49132 | -0.62263 | -0.98755
CD2 | -7.58569 | -0.6935 | 0.13859
CE1 | -5.39284 | 0.74387 | -0.70442
CE2 | -7.48113 | 0.67166 | 0.42357
CZ | -6.38865 | 1.37832 | 1e-05
