22
PHE_A_47-PHE_A_53-3ts0.pdb
N | -35.53593 | 6.28374 | 16.0994
CA | -34.61588 | 6.78098 | 17.10728
C | -33.21424 | 6.90157 | 16.47766
O | -32.75005 | 6.00218 | 15.74578
CB | -34.58382 | 5.86478 | 18.33287
CG | -34.00967 | 6.52644 | 19.56545
CD1 | -32.63412 | 6.59012 | 19.76699
CD2 | -34.83817 | 7.06975 | 20.53577
CE1 | -32.10174 | 7.21342 | 20.89959
CE2 | -34.29505 | 7.71391 | 21.65769
CZ | -32.93669 | 7.76264 | 21.84352
N | -32.40494 | 11.1373 | 20.61719
CA | -33.85053 | 11.30587 | 20.55521
C | -34.44419 | 10.66995 | 19.32829
O | -33.72627 | 10.30897 | 18.39023
CB | -34.26908 | 12.78071 | 20.69197
CG | -34.03077 | 13.61888 | 19.46362
CD1 | -32.81887 | 14.27484 | 19.27546
CD2 | -35.03239 | 13.79231 | 18.51616
CE1 | -32.599 | 15.04991 | 18.13998
CE2 | -34.81768 | 14.5793 | 17.38434
CZ | -33.59948 | 15.19335 | 17.19749
