22
PHE_A_55-PHE_A_53-3ts0.pdb
N | -25.78823 | -1.94846 | 23.67432
CA | -27.20295 | -1.6014 | 23.66569
C | -27.78218 | -1.61407 | 22.2777
O | -27.04873 | -1.64718 | 21.2844
CB | -27.47796 | -0.26921 | 24.38587
CG | -27.08207 | 0.95913 | 23.60958
CD1 | -25.80094 | 1.48858 | 23.72267
CD2 | -28.00165 | 1.61591 | 22.80087
CE1 | -25.43537 | 2.62434 | 23.00518
CE2 | -27.64022 | 2.76161 | 22.09151
CZ | -26.35715 | 3.25176 | 22.18879
N | -32.28276 | -1.82561 | 20.51843
CA | -33.73077 | -1.67189 | 20.69916
C | -34.48851 | -2.89169 | 20.27197
O | -34.09032 | -3.58498 | 19.33747
CB | -34.25098 | -0.44577 | 19.91471
CG | -34.01367 | 0.85433 | 20.63212
CD1 | -32.79759 | 1.51476 | 20.52385
CD2 | -34.99196 | 1.4041 | 21.44367
CE1 | -32.55544 | 2.69349 | 21.23829
CE2 | -34.74704 | 2.5816 | 22.15723
CZ | -33.52817 | 3.21391 | 22.0562
