22
PHE_A_95-PHE_A_95-3ts0.pdb
N | -23.49988 | -0.09786 | -18.78477
N | -23.49988 | -0.09786 | -18.78477
CA | -24.58652 | -0.61519 | -17.97487
CA | -24.58652 | -0.61519 | -17.97487
C | -25.92 | -0.41425 | -18.60874
C | -25.92 | -0.41425 | -18.60874
O | -26.06521 | 0.39558 | -19.53032
O | -26.06521 | 0.39558 | -19.53032
CB | -24.59181 | 0.10253 | -16.57243
CB | -24.59181 | 0.10253 | -16.57243
CG | -24.58642 | 1.62197 | -16.57173
CG | -24.58642 | 1.62197 | -16.57173
CD1 | -23.39474 | 2.33092 | -16.5762
CD1 | -23.39474 | 2.33092 | -16.5762
CD2 | -25.7737 | 2.34008 | -16.5811
CD2 | -25.7737 | 2.34008 | -16.5811
CE1 | -23.39597 | 3.72992 | -16.5774
CE1 | -23.39597 | 3.72992 | -16.5774
CE2 | -25.77052 | 3.73857 | -16.57758
CE2 | -25.77052 | 3.73857 | -16.57758
CZ | -24.58455 | 4.42104 | -16.5768
CZ | -24.58455 | 4.42104 | -16.5768
