19
PHE_A_55-LEU_A_56-3ts0.pdb
N | -10.25606 | 9.74438 | 3.6545
CA | -11.68409 | 10.07633 | 3.59498
C | -12.51492 | 9.16199 | 4.44248
O | -12.19858 | 7.98319 | 4.59371
CB | -12.19494 | 10.02716 | 2.13691
CG | -11.86384 | 11.26909 | 1.35638
CD1 | -10.62894 | 11.41311 | 0.73911
CD2 | -12.77171 | 12.31085 | 1.2646
CE1 | -10.29827 | 12.59295 | 0.06302
CE2 | -12.43838 | 13.48912 | 0.58918
CZ | -11.20148 | 13.62554 | 1e-05
N | -13.59979 | 9.70906 | 4.96842
CA | -14.58815 | 9.01875 | 5.7798
C | -15.78877 | 8.84944 | 4.88574
O | -16.06059 | 9.70773 | 4.02651
CB | -14.99289 | 9.89643 | 6.99673
CG | -13.87135 | 10.46024 | 7.87614
CD1 | -14.41343 | 11.25037 | 8.96973
CD2 | -13.007 | 9.35801 | 8.45741
