20
PHE_A_95-GLU_A_94-3ts0.pdb
N | 1.5343 | -3.27586 | 1.73959
CA | 2.89019 | -3.79973 | 1.92314
C | 3.34305 | -3.98157 | 0.48331
O | 2.50693 | -4.24958 | -0.40853
CB | 2.91465 | -5.15719 | 2.61862
CG | 2.91944 | -5.12055 | 4.13891
CD | 3.09595 | -6.50034 | 4.75631
OE1 | 3.75403 | -7.35844 | 4.11627
OE2 | 2.55986 | -6.72997 | 5.86887
N | 4.62262 | -3.80718 | 0.2244
CA | 5.06986 | -3.83184 | -1.15535
C | 6.55114 | -3.93935 | -1.27606
O | 7.28285 | -3.6871 | -0.31315
CB | 4.60779 | -2.5153 | -1.88693
CG | 4.95872 | -1.19427 | -1.22325
CD1 | 4.10145 | -0.60776 | -0.30465
CD2 | 6.1527 | -0.54723 | -1.50809
CE1 | 4.43072 | 0.60777 | 0.30466
CE2 | 6.47592 | 0.6701 | -0.90026
CZ | 5.61499 | 1.23632 | 0.0
