19
PHE_A_53-MET_A_51-3ts0.pdb
N | 2.17793 | -3.22244 | 1.38688
CA | 3.25218 | -2.76243 | 0.49483
C | 4.58042 | -3.49025 | 0.70992
O | 5.39433 | -3.56857 | -0.21005
CB | 3.4325 | -1.22871 | 0.52906
CG | 2.19125 | -0.43779 | 0.12769
SD | 1.5053 | -0.86837 | -1.4842
CE | -0.22618 | -0.41182 | -1.23601
N | 7.03727 | -2.74277 | 2.93809
CA | 8.14108 | -1.87291 | 3.32141
C | 7.70432 | -0.78116 | 4.25923
O | 6.50646 | -0.53221 | 4.4291
CB | 8.88722 | -1.30936 | 2.09883
CG | 8.15985 | -0.21088 | 1.36912
CD1 | 7.27578 | -0.50786 | 0.33732
CD2 | 8.39184 | 1.12356 | 1.67969
CE1 | 6.60378 | 0.50787 | -0.33731
CE2 | 7.72877 | 2.14276 | 0.99556
CZ | 6.8309 | 1.82865 | 0.0
