20
PHE_A_47-GLN_A_76-3ts0.pdb
N | 6.83565 | -5.08418 | 1.02121
CA | 6.50433 | -3.6726 | 1.10615
C | 5.07481 | -3.53531 | 1.66579
O | 4.14537 | -4.26606 | 1.2631
CB | 6.62127 | -2.98978 | -0.25862
CG | 6.72379 | -1.48355 | -0.17243
CD1 | 5.58335 | -0.69589 | -0.04662
CD2 | 7.9541 | -0.84678 | -0.23559
CE1 | 5.67779 | 0.6959 | 0.04663
CE2 | 8.0415 | 0.54861 | -0.11779
CZ | 6.90664 | 1.31036 | 0.0
N | 9.1819 | 4.6142 | 0.47183
CA | 8.44465 | 5.03227 | -0.71944
C | 9.00171 | 6.2764 | -1.40549
O | 8.91325 | 6.37973 | -2.62945
CB | 6.94605 | 5.17987 | -0.4395
CG | 6.61294 | 6.04767 | 0.76692
CD | 6.5628 | 7.53487 | 0.50244
OE1 | 6.71465 | 8.01213 | -0.64296
NE2 | 6.37598 | 8.30197 | 1.58403
