22
PHE_A_73-PHE_A_53-3ts0.pdb
N | 2.13567 | -27.32029 | 20.08625
CA | 1.33627 | -28.25346 | 20.86863
C | -0.04472 | -28.43307 | 20.30046
O | -0.48483 | -27.65776 | 19.44554
CB | 1.29415 | -27.87315 | 22.35947
CG | 0.40492 | -26.70211 | 22.68522
CD1 | 0.90251 | -25.4036 | 22.65944
CD2 | -0.91781 | -26.89764 | 23.06359
CE1 | 0.0803 | -24.32126 | 22.96098
CE2 | -1.7391 | -25.81472 | 23.37857
CZ | -1.2388 | -24.53349 | 23.31417
N | -2.65921 | -34.43871 | 26.00188
CA | -1.81923 | -33.3221 | 25.54802
C | -0.56536 | -33.84213 | 24.86367
O | 0.02948 | -34.81303 | 25.32925
CB | -1.4091 | -32.4255 | 26.73236
CG | -0.41715 | -31.32389 | 26.41068
CD1 | 0.95395 | -31.55746 | 26.47253
CD2 | -0.85462 | -30.05657 | 26.04976
CE1 | 1.86548 | -30.54705 | 26.14744
CE2 | 0.05807 | -29.03754 | 25.77277
CZ | 1.40984 | -29.29279 | 25.80602
