20
PHE_A_97-GLN_A_36-3ts0.pdb
N | 7.34453 | 1.48716 | -8.7248
CA | 5.90046 | 1.4266 | -8.9069
C | 5.1916 | 0.55961 | -7.89695
O | 4.10443 | 0.9139 | -7.48508
CB | 5.55354 | 0.92079 | -10.3268
CG | 6.11438 | 1.74058 | -11.48564
CD | 5.30734 | 2.99021 | -11.72522
OE1 | 5.72826 | 4.10675 | -11.36547
NE2 | 4.12586 | 2.82078 | -12.34004
N | 1.58006 | -2.43012 | -2.65501
CA | 0.75472 | -1.27689 | -2.99172
C | 1.44101 | -0.41561 | -4.04621
O | 2.58889 | -0.67948 | -4.39574
CB | 0.35442 | -0.4849 | -1.72229
CG | 1.49726 | 0.28169 | -1.10629
CD1 | 2.40927 | -0.35016 | -0.26901
CD2 | 1.67631 | 1.63219 | -1.37559
CE1 | 3.48452 | 0.35017 | 0.26902
CE2 | 2.73795 | 2.33763 | -0.80301
CZ | 3.64003 | 1.68834 | 0.0
