15
PHE_A_53-GLY_A_54-3ts0.pdb
N | 1.36087 | -3.47616 | -2.01335
CA | 0.03657 | -3.55614 | -1.41186
C | -1.0315 | -3.00295 | -2.31486
O | -0.73697 | -2.3281 | -3.30659
CB | -0.00653 | -2.9098 | -0.01565
CG | -0.00312 | -1.40376 | -0.01911
CD1 | 1.19405 | -0.69612 | 0.00143
CD2 | -1.1953 | -0.6902 | 0.00442
CE1 | 1.19688 | 0.69613 | -0.00142
CE2 | -1.19366 | 0.70491 | 0.01471
CZ | 0.00119 | 1.38907 | 1e-05
N | -2.26447 | -3.30002 | -1.93565
CA | -3.48307 | -2.92244 | -2.6256
C | -4.68542 | -3.34399 | -1.81965
O | -4.57535 | -3.58518 | -0.60753
