20
PHE_A_73-LYS_A_102-3ts0.pdb
N | 8.25812 | -4.4578 | 2.02639
CA | 7.24074 | -3.65113 | 1.33894
C | 7.62559 | -3.43454 | -0.11569
O | 8.79581 | -3.19728 | -0.41155
CB | 7.07143 | -2.28039 | 2.02244
CG | 6.1558 | -1.30057 | 1.31352
CD1 | 6.64973 | -0.44117 | 0.33589
CD2 | 4.80445 | -1.23699 | 1.62583
CE1 | 5.79668 | 0.44118 | -0.33588
CE2 | 3.96579 | -0.32196 | 0.98746
CZ | 4.46202 | 0.49795 | 1e-05
N | 9.18552 | 3.06385 | 8.04216
CA | 8.1171 | 2.10508 | 8.29961
C | 8.52262 | 0.61043 | 8.372
O | 7.74435 | -0.20358 | 8.86038
CB | 6.95041 | 2.33573 | 7.32919
CG | 6.09485 | 3.56637 | 7.62633
CD | 5.65969 | 4.18608 | 6.31804
CE | 4.60653 | 5.25761 | 6.43693
NZ | 4.14725 | 5.71335 | 5.0915
