19
PHE_A_95-MET_A_58-3ts0.pdb
N | 2.0604 | 5.47911 | 2.17039
CA | 3.21746 | 4.81632 | 2.79932
C | 3.43001 | 5.32822 | 4.21573
O | 3.71142 | 6.51348 | 4.41051
CB | 4.48383 | 4.91289 | 1.92185
CG | 5.76476 | 4.51194 | 2.62051
SD | 7.18709 | 4.36468 | 1.51569
CE | 7.33458 | 5.99566 | 0.91389
N | 5.56646 | -3.37933 | -0.00401
CA | 5.89426 | -3.18608 | -1.40385
C | 7.29167 | -2.7095 | -1.60496
O | 7.93423 | -2.22467 | -0.66779
CB | 4.91424 | -2.12776 | -2.03751
CG | 4.77598 | -0.79521 | -1.32061
CD1 | 3.8238 | -0.61432 | -0.32897
CD2 | 5.60832 | 0.27124 | -1.6293
CE1 | 3.70235 | 0.61433 | 0.32898
CE2 | 5.4805 | 1.49923 | -0.97242
CZ | 4.53149 | 1.6606 | 0.0
