20
PHE_A_55-LYS_A_45-3ts0.pdb
N | 2.26408 | -6.62704 | 4.14808
CA | 1.54565 | -5.49155 | 4.73197
C | 0.36542 | -5.16337 | 3.83333
O | -0.7704 | -5.11976 | 4.28438
CB | 2.48499 | -4.2914 | 4.90204
CG | 1.90524 | -3.15188 | 5.71386
CD | 2.77664 | -1.93043 | 5.61261
CE | 2.34073 | -0.92796 | 6.61576
NZ | 2.82952 | 0.4286 | 6.26732
N | 4.12748 | -3.75253 | 0.00185
CA | 5.11616 | -3.75983 | 1.08605
C | 4.95902 | -4.9448 | 1.98921
O | 3.84821 | -5.42282 | 2.21306
CB | 5.01838 | -2.46317 | 1.92179
CG | 5.71685 | -1.2965 | 1.2797
CD1 | 5.07642 | -0.52433 | 0.32035
CD2 | 7.02647 | -0.98754 | 1.60732
CE1 | 5.74597 | 0.52434 | -0.32034
CE2 | 7.69351 | 0.06032 | 0.9649
CZ | 7.05182 | 0.80388 | 1e-05
