21
PHE_A_53-HIS_A_75-3ts0.pdb
N | -9.39443 | 14.7155 | 5.09077
CA | -10.64939 | 15.45273 | 5.03144
C | -11.84495 | 14.5402 | 5.04154
O | -11.71904 | 13.3273 | 4.84478
CB | -10.69081 | 16.43324 | 3.84573
CG | -10.90552 | 15.78727 | 2.5023
CD1 | -9.82469 | 15.35535 | 1.74096
CD2 | -12.18402 | 15.65181 | 1.97493
CE1 | -10.02348 | 14.75855 | 0.49891
CE2 | -12.3835 | 15.0657 | 0.72468
CZ | -11.30395 | 14.61251 | 0.0
N | -11.35608 | 19.7386 | 7.28373
CA | -9.99296 | 19.38719 | 6.94876
C | -9.25565 | 19.12909 | 8.24946
O | -9.44106 | 19.86239 | 9.22508
CB | -9.32356 | 20.48866 | 6.10961
CG | -7.96151 | 20.10735 | 5.60782
ND1 | -6.81565 | 20.66231 | 6.14401
CD2 | -7.60706 | 19.20517 | 4.6623
CE1 | -5.81014 | 20.10102 | 5.49615
NE2 | -6.24053 | 19.22364 | 4.59265
