19
PHE_A_73-LEU_A_104-3ts0.pdb
N | 8.23033 | 11.95102 | 5.97137
CA | 7.79598 | 11.27002 | 4.7442
C | 8.99838 | 10.81609 | 3.93233
O | 9.97913 | 11.55095 | 3.82586
CB | 6.9274 | 12.20124 | 3.87635
CG | 6.54317 | 11.66008 | 2.51234
CD1 | 7.36758 | 11.85743 | 1.40794
CD2 | 5.3588 | 10.95778 | 2.3341
CE1 | 7.02364 | 11.33221 | 0.15759
CE2 | 4.99582 | 10.47675 | 1.07514
CZ | 5.83681 | 10.65108 | 0.0
N | 7.11109 | 17.11335 | 6.58199
CA | 8.57132 | 16.92579 | 6.47018
C | 8.82663 | 15.88046 | 5.37943
O | 8.1411 | 14.85827 | 5.3227
CB | 9.19077 | 16.48995 | 7.79989
CG | 8.99555 | 17.4434 | 8.98325
CD1 | 9.44899 | 16.78906 | 10.27475
CD2 | 9.72697 | 18.7683 | 8.77573
