20
PHE_A_163-GLU_A_89-3ts0.pdb
N | 11.68813 | 7.52373 | -3.98822
CA | 12.01023 | 8.3389 | -2.83022
C | 12.07825 | 7.45913 | -1.57695
O | 11.17927 | 6.64733 | -1.35281
CB | 10.93674 | 9.41752 | -2.70232
CG | 11.05361 | 10.2994 | -1.48114
CD | 9.72144 | 10.92532 | -1.14137
OE1 | 9.16554 | 10.57019 | -0.07688
OE2 | 9.18913 | 11.69431 | -1.97641
N | 10.32874 | -3.21881 | 1.67712
CA | 9.79261 | -2.0433 | 1.00128
C | 10.86535 | -1.03697 | 0.55542
O | 10.7825 | -0.52927 | -0.5497
CB | 8.74165 | -1.35022 | 1.87496
CG | 7.98306 | -0.23867 | 1.20923
CD1 | 6.95731 | -0.51784 | 0.30591
CD2 | 8.23585 | 1.09172 | 1.53416
CE1 | 6.2376 | 0.51785 | -0.3059
CE2 | 7.51047 | 2.12542 | 0.92596
CZ | 6.52391 | 1.8315 | 1e-05
