17
PHE_A_116-CYS_A_117-3ts0.pdb
N | -0.155 | -3.27618 | -2.39601
CA | 0.56489 | -3.65172 | -1.18173
C | 0.51536 | -5.13607 | -0.93767
O | -0.43617 | -5.81412 | -1.3568
CB | -0.0077 | -2.9233 | 0.03114
CG | -0.00197 | -1.40877 | -0.00948
CD1 | 1.19234 | -0.69843 | 0.00546
CD2 | -1.19231 | -0.69165 | 0.01634
CE1 | 1.19011 | 0.69844 | -0.00545
CE2 | -1.18794 | 0.70932 | -0.00685
CZ | -0.0002 | 1.39112 | 0.0
N | 1.52486 | -5.65317 | -0.22314
CA | 1.55579 | -7.06819 | 0.17313
C | 0.5302 | -7.28452 | 1.30587
O | 0.1361 | -6.32447 | 1.96367
CB | 2.95709 | -7.47392 | 0.62076
SG | 4.27254 | -7.07823 | -0.55827
