15
PHE_A_116-GLY_A_143-3ts0.pdb
N | -0.155 | -3.27618 | -2.39601
CA | 0.56489 | -3.65172 | -1.18173
C | 0.51536 | -5.13607 | -0.93767
O | -0.43617 | -5.81412 | -1.3568
CB | -0.0077 | -2.9233 | 0.03114
CG | -0.00197 | -1.40877 | -0.00948
CD1 | 1.19234 | -0.69843 | 0.00546
CD2 | -1.19231 | -0.69165 | 0.01634
CE1 | 1.19011 | 0.69844 | -0.00545
CE2 | -1.18794 | 0.70932 | -0.00685
CZ | -0.0002 | 1.39112 | 0.0
N | -5.3424 | -2.87582 | -1.43933
CA | -4.91507 | -3.60774 | -0.25715
C | -4.47228 | -2.73037 | 0.89121
O | -3.89566 | -3.22784 | 1.86556
