33
PHE_A_84-A_U_6-3ts0.pdb
N | 0.31685 | -4.99158 | 1.22646
CA | 0.20073 | -3.53944 | 1.35013
C | -0.92725 | -3.174 | 2.31566
O | -2.07308 | -3.64109 | 2.14682
CB | -0.00779 | -2.90968 | -0.0159
CG | -0.00197 | -1.40526 | -0.00406
CD1 | 1.19818 | -0.69858 | 0.001
CD2 | -1.1987 | -0.68725 | -0.01286
CE1 | 1.19863 | 0.69859 | -0.00099
CE2 | -1.19506 | 0.70337 | 0.01694
CZ | -0.00104 | 1.38915 | 1e-05
P | 4.78562 | -4.39394 | -2.90692
OP1 | 5.89901 | -5.13589 | -2.25472
OP2 | 3.38568 | -4.59259 | -2.41421
O5' | 5.0232 | -2.82431 | -2.76273
C5' | 6.20015 | -2.18604 | -3.23602
C4' | 6.01621 | -0.68301 | -3.20719
O4' | 4.75544 | -0.29437 | -3.8191
C3' | 6.02629 | -0.07279 | -1.81812
O3' | 6.73531 | 1.13807 | -1.90878
C2' | 4.54818 | 0.1981 | -1.52343
O2' | 4.40964 | 1.30298 | -0.64741
C1' | 3.95577 | 0.45766 | -2.91603
N9 | 2.55046 | 0.04942 | -3.08268
C8 | 2.04935 | -1.22961 | -3.21158
N7 | 0.73715 | -1.32487 | -3.35563
C5 | 0.34797 | 0.00017 | -3.35739
C6 | -0.93292 | 0.59407 | -3.44597
N6 | -2.05596 | -0.1196 | -3.57045
N1 | -0.99951 | 1.94808 | -3.39256
C2 | 0.14443 | 2.66398 | -3.2677
N3 | 1.40466 | 2.21695 | -3.15085
C4 | 1.44645 | 0.86562 | -3.22512
