34
PHE_A_53-G_U_9-3ts0.pdb
N | 1.36087 | -3.47616 | -2.01335
CA | 0.03657 | -3.55614 | -1.41186
C | -1.0315 | -3.00295 | -2.31486
O | -0.73697 | -2.3281 | -3.30659
CB | -0.00653 | -2.9098 | -0.01565
CG | -0.00312 | -1.40376 | -0.01911
CD1 | 1.19405 | -0.69612 | 0.00143
CD2 | -1.1953 | -0.6902 | 0.00442
CE1 | 1.19688 | 0.69613 | -0.00142
CE2 | -1.19366 | 0.70491 | 0.01471
CZ | 0.00119 | 1.38907 | 1e-05
P | 5.96766 | -2.05521 | 3.2204
OP1 | 6.79151 | -2.20894 | 4.44215
OP2 | 5.84224 | -3.15654 | 2.22687
O5' | 4.54163 | -1.55394 | 3.67658
C5' | 3.48002 | -1.28286 | 2.80268
C4' | 2.22108 | -1.10057 | 3.62088
O4' | 1.67807 | -2.36088 | 4.08659
C3' | 2.34054 | -0.25284 | 4.87279
O3' | 1.12826 | 0.44881 | 4.88003
C2' | 2.44958 | -1.28193 | 6.01098
O2' | 2.00051 | -0.84947 | 7.28129
C1' | 1.52749 | -2.36941 | 5.49674
N9 | 1.73114 | -3.74388 | 5.94174
C8 | 0.71968 | -4.62584 | 6.24028
N7 | 1.11254 | -5.84625 | 6.47006
C5 | 2.4789 | -5.79456 | 6.2375
C6 | 3.47056 | -6.8126 | 6.32007
O6 | 3.34251 | -8.00621 | 6.57385
N1 | 4.75545 | -6.34738 | 6.06518
C2 | 5.04752 | -5.04701 | 5.73881
N2 | 6.32898 | -4.79856 | 5.46723
N3 | 4.13618 | -4.08006 | 5.66166
C4 | 2.86919 | -4.51417 | 5.88963
