19
PHE_A_53-ASN_A_48-3ts0.pdb
N | 3.74734 | -0.60075 | 6.01667
CA | 2.57331 | -0.89154 | 5.21187
C | 2.72261 | -2.35539 | 4.85208
O | 3.64363 | -2.71252 | 4.09467
CB | 2.53941 | -0.008 | 3.9727
CG | 1.26804 | -0.13305 | 3.17872
OD1 | 0.99661 | -1.15447 | 2.55813
ND2 | 0.48901 | 0.92488 | 3.12813
N | 6.97549 | -2.75837 | 2.92253
CA | 8.03618 | -1.88158 | 3.40017
C | 7.51383 | -0.79879 | 4.30399
O | 6.3039 | -0.56073 | 4.37536
CB | 8.87597 | -1.30499 | 2.24635
CG | 8.20192 | -0.20848 | 1.46436
CD1 | 7.40886 | -0.50695 | 0.36147
CD2 | 8.39577 | 1.12607 | 1.79963
CE1 | 6.78615 | 0.50696 | -0.36146
CE2 | 7.78271 | 2.14358 | 1.068
CZ | 6.97305 | 1.82766 | 1e-05
