22
PHE_A_97-PHE_A_95-3ts0.pdb
N | -11.29666 | 3.5792 | -22.38462
CA | -12.4279 | 2.68181 | -22.24557
C | -13.52626 | 2.99111 | -23.20384
O | -13.57266 | 4.08313 | -23.77966
CB | -13.0053 | 2.77795 | -20.78291
CG | -13.34157 | 4.1646 | -20.26056
CD1 | -12.39197 | 4.92618 | -19.59648
CD2 | -14.60333 | 4.71106 | -20.44689
CE1 | -12.70679 | 6.20306 | -19.11935
CE2 | -14.91532 | 5.98603 | -19.96426
CZ | -13.96664 | 6.72082 | -19.30671
N | -17.79313 | 3.13493 | -23.22834
CA | -18.89324 | 3.24539 | -22.27858
C | -20.20555 | 3.51455 | -23.0067
O | -20.19893 | 3.72363 | -24.21735
CB | -18.58025 | 4.28921 | -21.17794
CG | -18.62044 | 5.71351 | -21.67084
CD1 | -17.53031 | 6.27018 | -22.32945
CD2 | -19.7538 | 6.49645 | -21.49499
CE1 | -17.58266 | 7.57259 | -22.81633
CE2 | -19.78618 | 7.81554 | -21.95489
CZ | -18.70848 | 8.33602 | -22.6241
