31
PHE_A_53-U_U_8-3ts0.pdb
N | 1.36087 | -3.47616 | -2.01335
CA | 0.03657 | -3.55614 | -1.41186
C | -1.0315 | -3.00295 | -2.31486
O | -0.73697 | -2.3281 | -3.30659
CB | -0.00653 | -2.9098 | -0.01565
CG | -0.00312 | -1.40376 | -0.01911
CD1 | 1.19405 | -0.69612 | 0.00143
CD2 | -1.1953 | -0.6902 | 0.00442
CE1 | 1.19688 | 0.69613 | -0.00142
CE2 | -1.19366 | 0.70491 | 0.01471
CZ | 0.00119 | 1.38907 | 1e-05
P | 11.19633 | -3.04693 | 1.56097
OP1 | 12.68316 | -3.0944 | 1.6915
OP2 | 10.35508 | -3.79706 | 2.53929
O5' | 10.72134 | -1.50653 | 1.6093
C5' | 9.75574 | -0.96286 | 0.68999
C4' | 8.6587 | -0.31605 | 1.504
O4' | 8.67313 | 1.11538 | 1.32144
C3' | 7.25231 | -0.78754 | 1.2032
O3' | 6.51311 | -0.75798 | 2.4435
C2' | 6.77101 | 0.24602 | 0.19122
O2' | 5.38326 | 0.49043 | 0.21561
C1' | 7.51912 | 1.50782 | 0.62024
N1 | 7.89025 | 2.45159 | -0.49522
C2 | 7.43814 | 3.76655 | -0.41462
O2 | 6.786 | 4.21739 | 0.52615
N3 | 7.7663 | 4.55147 | -1.49478
C4 | 8.46419 | 4.15267 | -2.61948
O4 | 8.67635 | 4.97926 | -3.50375
C5 | 8.88938 | 2.7681 | -2.63941
C6 | 8.60822 | 1.98607 | -1.59332
