25
PHE_A_55-TRP_A_46-3ts0.pdb
N | 22.21174 | -3.73446 | -4.93666
CA | 20.99332 | -2.9502 | -4.92851
C | 21.31788 | -1.57721 | -5.49134
O | 22.48329 | -1.14752 | -5.46127
CB | 20.39096 | -2.84092 | -3.51918
CG | 21.2023 | -2.04688 | -2.54303
CD1 | 22.14975 | -2.52198 | -1.68827
CD2 | 21.09042 | -0.64169 | -2.27626
NE1 | 22.66421 | -1.49386 | -0.9282
CE2 | 22.03504 | -0.32846 | -1.27156
CE3 | 20.30492 | 0.39571 | -2.81192
CZ2 | 22.21614 | 0.97434 | -0.79425
CZ3 | 20.49613 | 1.68475 | -2.34546
CH2 | 21.45028 | 1.96559 | -1.35723
N | 24.91529 | -0.18636 | -4.39477
CA | 26.13515 | -0.96414 | -4.14986
C | 26.26047 | -2.13115 | -5.08096
O | 25.26199 | -2.72756 | -5.48077
CB | 26.17616 | -1.46843 | -2.68925
CG | 26.63934 | -0.418 | -1.71802
CD1 | 25.74837 | 0.50832 | -1.19375
CD2 | 27.97196 | -0.33097 | -1.3513
CE1 | 26.18984 | 1.52252 | -0.33643
CE2 | 28.41061 | 0.68404 | -0.49517
CZ | 27.51853 | 1.60852 | 0.0
