22
PHE_A_47-PHE_A_55-3ts0.pdb
N | -33.51522 | 6.13066 | 1.73172
CA | -33.10422 | 7.32566 | 2.44767
C | -31.59192 | 7.53216 | 2.23347
O | -30.78835 | 6.57867 | 2.30522
CB | -33.43245 | 7.2222 | 3.939
CG | -33.44262 | 8.5577 | 4.64823
CD1 | -32.26053 | 9.13337 | 5.10441
CD2 | -34.63079 | 9.23437 | 4.87949
CE1 | -32.26718 | 10.37434 | 5.74836
CE2 | -34.6259 | 10.48999 | 5.50562
CZ | -33.45203 | 11.04036 | 5.95415
N | -37.7079 | 8.53398 | 0.67454
CA | -39.12383 | 8.23927 | 0.42698
C | -39.59298 | 7.03368 | 1.18264
O | -38.83295 | 6.09137 | 1.39923
CB | -39.38107 | 8.02881 | -1.08261
CG | -39.50703 | 9.32024 | -1.8426
CD1 | -38.38012 | 9.98835 | -2.30138
CD2 | -40.74889 | 9.88856 | -2.07215
CE1 | -38.49343 | 11.21981 | -2.95645
CE2 | -40.85923 | 11.1197 | -2.72619
CZ | -39.73085 | 11.78082 | -3.15668
