20
PHE_A_163-LYS_A_88-3ts0.pdb
N | 13.6693 | 4.08419 | -6.60559
CA | 12.59157 | 4.80544 | -5.91566
C | 13.22371 | 5.5163 | -4.71789
O | 14.22163 | 5.05245 | -4.16867
CB | 11.42002 | 3.89847 | -5.48914
CG | 11.60964 | 3.09937 | -4.1935
CD | 10.48674 | 2.11994 | -4.03029
CE | 10.40755 | 1.56971 | -2.64141
NZ | 9.07464 | 0.95324 | -2.41071
N | 9.92825 | -3.7889 | 1.45398
CA | 9.54816 | -2.53753 | 0.80927
C | 10.73974 | -1.71338 | 0.29626
O | 10.67273 | -1.19079 | -0.80298
CB | 8.67734 | -1.69108 | 1.74381
CG | 8.06843 | -0.46717 | 1.12292
CD1 | 6.95824 | -0.57119 | 0.28463
CD2 | 8.55114 | 0.80287 | 1.42854
CE1 | 6.3787 | 0.5712 | -0.28462
CE2 | 7.96593 | 1.94417 | 0.86325
CZ | 6.89059 | 1.81947 | 0.0
