18
PHE_A_95-THR_A_96-3ts0.pdb
N | 1.08444 | -3.12827 | -2.20797
CA | -0.0022 | -3.6456 | -1.39807
C | -1.33568 | -3.44466 | -2.03193
O | -1.48089 | -2.63483 | -2.95351
CB | -0.00749 | -2.92788 | 0.00438
CG | -0.0021 | -1.40844 | 0.00508
CD1 | 1.18958 | -0.6995 | 0.00061
CD2 | -1.18938 | -0.69033 | -0.00429
CE1 | 1.18835 | 0.69951 | -0.0006
CE2 | -1.18619 | 0.70816 | -0.00078
CZ | -0.00023 | 1.39063 | 1e-05
N | -2.33248 | -4.13749 | -1.49617
CA | -3.71842 | -3.88892 | -1.85759
C | -4.35666 | -3.28305 | -0.63959
O | -3.93863 | -3.56176 | 0.48812
CB | -4.46902 | -5.07285 | -2.44389
OG1 | -4.3813 | -6.19067 | -1.56783
CG2 | -3.98367 | -5.42813 | -3.81553
