17
PHE_A_47-CYS_A_44-3ts0.pdb
N | -5.98575 | -6.97487 | 3.7582
CA | -5.26007 | -6.44772 | 2.6115
C | -4.93854 | -7.59381 | 1.60121
O | -4.38436 | -8.6279 | 1.99815
CB | -4.00033 | -5.71992 | 3.05473
SG | -2.94395 | -5.21307 | 1.68644
N | -0.26986 | -4.9125 | -1.44245
CA | 0.15929 | -3.52533 | -1.40894
C | 1.63209 | -3.45472 | -1.85778
O | 2.47906 | -4.27308 | -1.4419
CB | -0.01251 | -2.92258 | -0.01263
CG | -0.00872 | -1.41043 | -0.004
CD1 | 1.1874 | -0.69904 | 0.00278
CD2 | -1.1956 | -0.69349 | 0.01664
CE1 | 1.19219 | 0.69905 | -0.00277
CE2 | -1.18176 | 0.70922 | -0.01262
CZ | 0.00651 | 1.39472 | 1e-05
