20
PHE_A_97-LYS_A_99-3ts0.pdb
N | 3.77297 | -2.79188 | -2.65027
CA | 2.8366 | -1.87919 | -3.29424
C | 3.57335 | -0.92619 | -4.22899
O | 4.80161 | -0.92833 | -4.25703
CB | 1.95626 | -1.1504 | -2.24887
CG | 2.70435 | -0.11232 | -1.4514
CD1 | 3.47852 | -0.4773 | -0.35618
CD2 | 2.6525 | 1.23003 | -1.80331
CE1 | 4.19777 | 0.47731 | 0.35619
CE2 | 3.34878 | 2.18786 | -1.0615
CZ | 4.12636 | 1.80218 | 0.0
N | 2.6621 | 3.04276 | -6.82329
CA | 1.78614 | 4.15998 | -7.15901
C | 1.00617 | 3.73978 | -8.39427
O | 1.55818 | 3.12834 | -9.31245
CB | 2.57791 | 5.45453 | -7.41423
CG | 3.05909 | 6.09096 | -6.12135
CD | 3.94659 | 7.31892 | -6.29128
CE | 4.30958 | 7.95035 | -4.94957
NZ | 5.10844 | 7.0465 | -4.0601
