17
PHE_A_116-CYS_A_142-3ts0.pdb
N | -0.155 | -3.27618 | -2.39601
CA | 0.56489 | -3.65172 | -1.18173
C | 0.51536 | -5.13607 | -0.93767
O | -0.43617 | -5.81412 | -1.3568
CB | -0.0077 | -2.9233 | 0.03114
CG | -0.00197 | -1.40877 | -0.00948
CD1 | 1.19234 | -0.69843 | 0.00546
CD2 | -1.19231 | -0.69165 | 0.01634
CE1 | 1.19011 | 0.69844 | -0.00545
CE2 | -1.18794 | 0.70932 | -0.00685
CZ | -0.0002 | 1.39112 | 0.0
N | -6.42384 | -1.91989 | -3.82945
CA | -5.00498 | -1.69211 | -3.54106
C | -4.46776 | -2.44972 | -2.33721
O | -3.25285 | -2.61853 | -2.21941
CB | -4.71018 | -0.2042 | -3.42863
SG | -5.51874 | 0.60655 | -2.02628
