22
PHE_A_163-PHE_A_163-3ts0.pdb
N | -35.34234 | -19.2221 | 32.08018
N | -35.34234 | -19.2221 | 32.08018
CA | -35.49599 | -17.78251 | 32.25335
CA | -35.49599 | -17.78251 | 32.25335
C | -36.51978 | -17.3898 | 33.33034
C | -36.51978 | -17.3898 | 33.33034
O | -36.25047 | -16.49033 | 34.10774
O | -36.25047 | -16.49033 | 34.10774
CB | -35.84137 | -17.11175 | 30.91956
CB | -35.84137 | -17.11175 | 30.91956
CG | -35.8376 | -15.61043 | 30.93435
CG | -35.8376 | -15.61043 | 30.93435
CD1 | -34.63669 | -14.90104 | 30.90867
CD1 | -34.63669 | -14.90104 | 30.90867
CD2 | -37.03122 | -14.8939 | 30.8988
CD2 | -37.03122 | -14.8939 | 30.8988
CE1 | -34.63058 | -13.49928 | 30.9075
CE1 | -34.63058 | -13.49928 | 30.9075
CE2 | -37.02257 | -13.4923 | 30.89111
CE2 | -37.02257 | -13.4923 | 30.89111
CZ | -35.8213 | -12.804 | 30.90809
CZ | -35.8213 | -12.804 | 30.90809
