22
PHE_A_47-PHE_A_47-3ts0.pdb
N | -40.35824 | 3.61358 | -4.20411
N | -40.35824 | 3.61358 | -4.20411
CA | -39.92909 | 5.00075 | -4.1706
CA | -39.92909 | 5.00075 | -4.1706
C | -38.45629 | 5.07135 | -4.61944
C | -38.45629 | 5.07135 | -4.61944
O | -37.60932 | 4.253 | -4.20356
O | -37.60932 | 4.253 | -4.20356
CB | -40.1009 | 5.6035 | -2.77429
CB | -40.1009 | 5.6035 | -2.77429
CG | -40.0971 | 7.11565 | -2.76566
CG | -40.0971 | 7.11565 | -2.76566
CD1 | -38.90098 | 7.82704 | -2.75887
CD1 | -38.90098 | 7.82704 | -2.75887
CD2 | -41.28398 | 7.83259 | -2.74502
CD2 | -41.28398 | 7.83259 | -2.74502
CE1 | -38.89619 | 9.22513 | -2.76443
CE1 | -38.89619 | 9.22513 | -2.76443
CE2 | -41.27014 | 9.2353 | -2.77428
CE2 | -41.27014 | 9.2353 | -2.77428
CZ | -40.08187 | 9.9208 | -2.76165
CZ | -40.08187 | 9.9208 | -2.76165
