22
PHE_A_84-ARG_A_85-3ts0.pdb
N | 14.30889 | -2.79042 | -4.38629
CA | 14.61924 | -2.39658 | -3.01295
C | 15.49281 | -3.45473 | -2.33818
O | 15.13263 | -4.65045 | -2.3261
CB | 13.33924 | -2.14985 | -2.23394
CG | 13.56056 | -1.6076 | -0.84814
CD1 | 13.79902 | -0.25053 | -0.64499
CD2 | 13.51677 | -2.45075 | 0.26315
CE1 | 13.99122 | 0.25054 | 0.645
CE2 | 13.73971 | -1.95405 | 1.54311
CZ | 13.95292 | -0.60667 | 1.73119
N | 16.64231 | -2.98316 | -1.78918
CA | 17.71045 | -3.76753 | -1.16822
C | 17.64871 | -3.85037 | 0.33192
O | 17.35554 | -2.87209 | 1.01433
CB | 19.09189 | -3.23109 | -1.58383
CG | 19.34258 | -3.25147 | -3.08727
CD | 20.57006 | -2.46424 | -3.44102
NE | 20.46792 | -1.04048 | -3.13312
CZ | 19.76943 | -0.17655 | -3.86035
NH1 | 19.06193 | -0.59932 | -4.90757
NH2 | 19.75096 | 1.11289 | -3.53522
