31
PHE_A_53-U_U_11-3ts0.pdb
N | 1.36087 | -3.47616 | -2.01335
CA | 0.03657 | -3.55614 | -1.41186
C | -1.0315 | -3.00295 | -2.31486
O | -0.73697 | -2.3281 | -3.30659
CB | -0.00653 | -2.9098 | -0.01565
CG | -0.00312 | -1.40376 | -0.01911
CD1 | 1.19405 | -0.69612 | 0.00143
CD2 | -1.1953 | -0.6902 | 0.00442
CE1 | 1.19688 | 0.69613 | -0.00142
CE2 | -1.19366 | 0.70491 | 0.01471
CZ | 0.00119 | 1.38907 | 1e-05
P | -4.92261 | 4.84252 | 3.27598
OP1 | -3.8337 | 5.8423 | 3.47513
OP2 | -6.23509 | 4.97562 | 3.95368
O5' | -5.16371 | 4.76734 | 1.6996
C5' | -4.18904 | 4.53595 | 0.68323
C4' | -4.91944 | 4.20151 | -0.61127
O4' | -5.76097 | 3.03791 | -0.36956
C3' | -5.84498 | 5.28309 | -1.18327
O3' | -5.72041 | 5.3528 | -2.58691
C2' | -7.23151 | 4.80946 | -0.74109
O2' | -8.31403 | 5.206 | -1.54303
C1' | -7.0715 | 3.30549 | -0.80708
N1 | -8.06599 | 2.58199 | 0.00578
C2 | -9.03361 | 1.82265 | -0.63973
O2 | -9.07532 | 1.66421 | -1.85162
N3 | -9.96704 | 1.2559 | 0.19201
C4 | -9.9937 | 1.31393 | 1.58206
O4 | -10.85615 | 0.70393 | 2.23178
C5 | -8.9903 | 2.16372 | 2.16994
C6 | -8.07734 | 2.74487 | 1.38424
