15
PHE_A_95-GLY_A_40-3ts0.pdb
N | -1.754 | -0.20608 | -4.2872
CA | -0.98472 | 0.93729 | -3.815
C | 0.47509 | 0.57068 | -3.69131
O | 0.82141 | -0.61224 | -3.70072
N | 1.08444 | -3.12827 | -2.20797
CA | -0.0022 | -3.6456 | -1.39807
C | -1.33568 | -3.44466 | -2.03193
O | -1.48089 | -2.63483 | -2.95351
CB | -0.00749 | -2.92788 | 0.00438
CG | -0.0021 | -1.40844 | 0.00508
CD1 | 1.18958 | -0.6995 | 0.00061
CD2 | -1.18938 | -0.69033 | -0.00429
CE1 | 1.18835 | 0.69951 | -0.0006
CE2 | -1.18619 | 0.70816 | -0.00078
CZ | -0.00023 | 1.39063 | 1e-05
