19
PHE_A_47-LEU_A_87-3ts0.pdb
N | -13.51036 | 12.30886 | -6.26454
CA | -13.19282 | 12.69386 | -4.90055
C | -11.70043 | 12.40752 | -4.64299
O | -11.16696 | 11.34385 | -5.02251
CB | -14.07078 | 11.94848 | -3.89252
CG | -14.10856 | 12.59979 | -2.52832
CD1 | -13.10273 | 12.36378 | -1.59588
CD2 | -15.1551 | 13.43345 | -2.16379
CE1 | -13.12962 | 12.97591 | -0.33918
CE2 | -15.16218 | 14.06193 | -0.90936
CZ | -14.16546 | 13.81364 | 1e-05
N | -15.65802 | 9.49116 | -0.61862
CA | -16.58359 | 8.87305 | -1.56747
C | -15.69499 | 8.23454 | -2.61469
O | -14.56595 | 8.70272 | -2.81164
CB | -17.43226 | 9.93203 | -2.29426
CG | -18.51352 | 10.67389 | -1.58201
CD1 | -18.89398 | 11.87152 | -2.37829
CD2 | -19.76541 | 9.83971 | -1.44322
