31
PHE_A_55-U_U_11-3ts0.pdb
N | 1.49368 | -3.42096 | 1.98352
CA | 0.09845 | -3.44531 | 1.5299
C | -0.49568 | -4.81907 | 1.59579
O | 0.1975 | -5.81501 | 1.39552
CB | -0.01451 | -2.90792 | 0.08498
CG | -0.00779 | -1.40582 | 0.0148
CD1 | 1.1872 | -0.69971 | 0.0026
CD2 | -1.1947 | -0.69255 | -0.00527
CE1 | 1.19338 | 0.69972 | -0.00259
CE2 | -1.18569 | 0.70585 | -0.00951
CZ | 0.00763 | 1.39255 | 0.0
P | 3.042 | 5.49257 | -2.57653
OP1 | 4.17415 | 6.46374 | -2.58186
OP2 | 1.83045 | 5.70477 | -3.4052
O5' | 3.6788 | 4.07719 | -2.95061
C5' | 4.78855 | 3.43314 | -2.32595
C4' | 4.80977 | 1.97724 | -2.77426
O4' | 3.5361 | 1.37216 | -2.41068
C3' | 4.98966 | 1.71769 | -4.27555
O3' | 5.85854 | 0.62721 | -4.49113
C2' | 3.56083 | 1.42925 | -4.74199
O2' | 3.42511 | 0.61125 | -5.87543
C1' | 2.9853 | 0.72442 | -3.53209
N1 | 1.5118 | 0.74918 | -3.49509
C2 | 0.81764 | -0.44158 | -3.66782
O2 | 1.35891 | -1.5316 | -3.78782
N3 | -0.54814 | -0.30909 | -3.70463
C4 | -1.28026 | 0.86026 | -3.52314
O4 | -2.5203 | 0.84414 | -3.51363
C5 | -0.48702 | 2.05662 | -3.40457
C6 | 0.84687 | 1.96255 | -3.38368
