19
PHE_A_55-ASP_A_71-3ts0.pdb
N | 3.74627 | -3.84627 | 0.11193
CA | 4.7099 | -3.73261 | 1.21261
C | 4.63557 | -4.89562 | 2.15413
O | 3.56498 | -5.45898 | 2.37547
CB | 4.48568 | -2.42167 | 2.00033
CG | 5.09556 | -1.22186 | 1.32968
CD1 | 4.41149 | -0.53993 | 0.3328
CD2 | 6.36739 | -0.79131 | 1.66878
CE1 | 5.00253 | 0.53994 | -0.33279
CE2 | 6.95603 | 0.28749 | 1.00144
CZ | 6.27325 | 0.94063 | 0.0
N | 8.27206 | -1.27668 | 7.36158
CA | 7.77145 | -1.56374 | 6.02255
C | 8.91709 | -1.75854 | 5.02643
O | 9.89811 | -1.02789 | 5.08219
CB | 6.79165 | -0.48809 | 5.56164
CG | 5.46772 | -0.47239 | 6.32061
OD1 | 5.27786 | -1.34506 | 7.23161
OD2 | 4.61429 | 0.40584 | 6.00987
