22
PHE_A_116-ARG_A_123-3ts0.pdb
N | 17.49649 | -4.05843 | -1.01064
CA | 17.02044 | -3.85042 | 0.3546
C | 16.76632 | -5.15342 | 1.06378
O | 16.45949 | -6.1719 | 0.42396
CB | 15.7411 | -3.01811 | 0.35816
CG | 15.81201 | -1.64404 | -0.2762
CD1 | 16.58516 | -0.63623 | 0.28749
CD2 | 15.04426 | -1.33526 | -1.3929
CE1 | 16.62541 | 0.63624 | -0.28748
CE2 | 15.09825 | -0.0605 | -1.972
CZ | 15.87269 | 0.91705 | -1.40607
N | 6.37098 | -6.45047 | 9.5241
CA | 6.64431 | -5.14514 | 8.8925
C | 5.49774 | -4.62545 | 7.98412
O | 5.09622 | -5.34267 | 7.05236
CB | 7.93868 | -5.24302 | 8.08329
CG | 8.35164 | -3.9805 | 7.34822
CD | 9.85115 | -3.95673 | 7.2479
NE | 10.31834 | -4.06776 | 5.86885
CZ | 10.70614 | -3.04344 | 5.11318
NH1 | 10.65822 | -1.80029 | 5.5869
NH2 | 11.16662 | -3.2533 | 3.88889
