22
PHE_A_95-ARG_A_108-3ts0.pdb
N | 9.80096 | 0.17593 | 3.82289
CA | 9.87635 | -1.27169 | 3.87801
C | 11.24648 | -1.7627 | 4.19737
O | 12.22668 | -1.02016 | 4.0787
CB | 9.44371 | -1.87917 | 2.49028
CG | 10.14173 | -1.34334 | 1.25157
CD1 | 9.64054 | -0.24504 | 0.56945
CD2 | 11.30688 | -1.93 | 0.77868
CE1 | 10.28855 | 0.24505 | -0.56944
CE2 | 11.949 | -1.43982 | -0.3629
CZ | 11.43669 | -0.35807 | -1.02595
N | 8.77147 | -6.68512 | 4.84146
CA | 7.61647 | -6.03986 | 5.43022
C | 7.45151 | -4.7302 | 4.69745
O | 8.43444 | -4.03463 | 4.46552
CB | 7.83264 | -5.77527 | 6.91532
CG | 6.51542 | -5.64715 | 7.67862
CD | 6.75757 | -5.36099 | 9.13862
NE | 5.5804 | -4.77711 | 9.78304
CZ | 5.56252 | -3.584 | 10.37191
NH1 | 6.66193 | -2.82509 | 10.39039
NH2 | 4.45241 | -3.13849 | 10.95069
