31
PHE_A_84-U_U_14-3ts0.pdb
N | 0.31685 | -4.99158 | 1.22646
CA | 0.20073 | -3.53944 | 1.35013
C | -0.92725 | -3.174 | 2.31566
O | -2.07308 | -3.64109 | 2.14682
CB | -0.00779 | -2.90968 | -0.0159
CG | -0.00197 | -1.40526 | -0.00406
CD1 | 1.19818 | -0.69858 | 0.001
CD2 | -1.1987 | -0.68725 | -0.01286
CE1 | 1.19863 | 0.69859 | -0.00099
CE2 | -1.19506 | 0.70337 | 0.01694
CZ | -0.00104 | 1.38915 | 1e-05
P | -7.36578 | 7.72665 | -0.33646
OP1 | -7.70592 | 6.48138 | -1.07241
OP2 | -6.60683 | 7.5649 | 0.91468
O5' | -6.57237 | 8.75572 | -1.26541
C5' | -5.51366 | 9.62311 | -0.82508
C4' | -4.28918 | 9.42095 | -1.71507
O4' | -3.87394 | 8.0216 | -1.739
C3' | -4.40455 | 9.82777 | -3.1859
O3' | -3.14388 | 10.37626 | -3.56497
C2' | -4.67171 | 8.50075 | -3.89673
O2' | -4.29871 | 8.55198 | -5.25123
C1' | -3.78515 | 7.56471 | -3.07205
N1 | -3.9654 | 6.06255 | -3.11639
C2 | -2.83507 | 5.2484 | -3.23793
O2 | -1.68419 | 5.66328 | -3.33821
N3 | -3.08175 | 3.89406 | -3.27435
C4 | -4.30773 | 3.27712 | -3.17584
O4 | -4.3525 | 2.04818 | -3.18866
C5 | -5.42081 | 4.17568 | -2.97893
C6 | -5.21586 | 5.50432 | -2.94952
