16
PHE_A_97-ALA_A_60-3ts0.pdb
N | 5.41661 | 4.96286 | 5.67791
CA | 5.80694 | 5.60281 | 4.42655
C | 5.11335 | 4.87939 | 3.26718
O | 5.20385 | 3.64796 | 3.17485
CB | 7.30795 | 5.54708 | 4.27112
N | 1.56284 | -3.32349 | -1.90762
CA | 0.19133 | -3.50534 | -1.44897
C | -0.79451 | -2.95717 | -2.47484
O | -0.3767 | -2.34728 | -3.45611
CB | -0.00869 | -2.91236 | -0.03218
CG | -0.00513 | -1.40489 | -0.00505
CD1 | 1.19026 | -0.69568 | 0.00619
CD2 | -1.19536 | -0.68952 | -0.00943
CE1 | 1.19191 | 0.69569 | -0.00618
CE2 | -1.18633 | 0.70757 | 0.0145
CZ | 0.00469 | 1.38686 | 0.0
