19
PHE_A_163-LEU_A_176-3ts0.pdb
N | -21.93082 | 11.56949 | 5.76017
CA | -21.35962 | 12.10123 | 4.5285
C | -22.21186 | 13.19653 | 3.86798
O | -21.66361 | 14.19084 | 3.42448
CB | -21.07753 | 10.97169 | 3.53213
CG | -20.31453 | 11.37349 | 2.30306
CD1 | -18.93672 | 11.58505 | 2.35765
CD2 | -20.95138 | 11.47105 | 1.06843
CE1 | -18.21952 | 11.94586 | 1.20856
CE2 | -20.23098 | 11.82564 | -0.08044
CZ | -18.87104 | 12.07295 | 1e-05
N | -24.59517 | 8.77333 | -2.28912
CA | -23.6423 | 9.80649 | -2.69245
C | -22.18512 | 9.3588 | -2.49586
O | -21.40234 | 9.47339 | -3.4315
CB | -23.91637 | 11.13287 | -1.96775
CG | -23.09065 | 12.32799 | -2.47213
CD1 | -23.52003 | 12.75696 | -3.89575
CD2 | -23.12454 | 13.50463 | -1.47801
