19
PHE_A_47-ASN_A_48-3ts0.pdb
N | 6.50583 | -4.95969 | 1.93528
CA | 6.46849 | -3.51854 | 1.75851
C | 5.0426 | -3.0215 | 2.06733
O | 4.03617 | -3.62572 | 1.64068
CB | 6.88766 | -3.12 | 0.34148
CG | 7.29102 | -1.66786 | 0.21796
CD1 | 6.33327 | -0.67213 | 0.05044
CD2 | 8.6256 | -1.29233 | 0.24916
CE1 | 6.70409 | 0.67214 | -0.05043
CE2 | 8.9874 | 0.06103 | 0.17066
CZ | 8.03063 | 1.02928 | 0.0
N | 4.96946 | -1.93557 | 2.84068
CA | 3.72136 | -1.2789 | 3.18943
C | 3.74315 | 0.00852 | 2.39153
O | 4.57834 | 0.88953 | 2.66677
CB | 3.65505 | -1.01207 | 4.68668
CG | 2.32221 | -0.48798 | 5.14636
OD1 | 1.93606 | 0.63575 | 4.846
ND2 | 1.61552 | -1.26492 | 5.93732
