22
PHE_A_95-PHE_A_73-3ts0.pdb
N | -7.32164 | -31.05113 | -0.95646
CA | -7.29388 | -30.00041 | 0.06998
C | -5.95809 | -29.99928 | 0.79567
O | -5.42311 | -31.06519 | 1.09707
CB | -8.42314 | -30.20594 | 1.09821
CG | -8.40496 | -29.26915 | 2.29115
CD1 | -7.68104 | -29.58668 | 3.43719
CD2 | -9.11241 | -28.07471 | 2.26782
CE1 | -7.64359 | -28.70682 | 4.52438
CE2 | -9.11154 | -27.22198 | 3.3728
CZ | -8.36464 | -27.53382 | 4.48566
N | 3.30632 | -35.25489 | -2.20646
CA | 2.5675 | -35.30022 | -0.95889
C | 1.95698 | -36.63505 | -0.7023
O | 1.82798 | -37.45631 | -1.61615
CB | 1.41566 | -34.22569 | -0.98454
CG | 0.47434 | -34.2474 | -2.17709
CD1 | 0.75384 | -33.51325 | -3.31973
CD2 | -0.68237 | -35.01364 | -2.15968
CE1 | -0.11566 | -33.53857 | -4.41541
CE2 | -1.55125 | -35.03252 | -3.25535
CZ | -1.26138 | -34.29742 | -4.37244
