22
PHE_A_55-PHE_A_55-3ts0.pdb
N | -31.86433 | 5.6043 | 8.96611
N | -31.86433 | 5.6043 | 8.96611
CA | -33.25956 | 5.57995 | 8.51249
CA | -33.25956 | 5.57995 | 8.51249
C | -33.85369 | 4.20619 | 8.57837
C | -33.85369 | 4.20619 | 8.57837
O | -33.16051 | 3.21025 | 8.3781
O | -33.16051 | 3.21025 | 8.3781
CB | -33.37252 | 6.11734 | 7.06757
CB | -33.37252 | 6.11734 | 7.06757
CG | -33.3658 | 7.61944 | 6.99738
CG | -33.3658 | 7.61944 | 6.99738
CD1 | -32.1708 | 8.32555 | 6.98519
CD1 | -32.1708 | 8.32555 | 6.98519
CD2 | -34.55271 | 8.33271 | 6.97731
CD2 | -34.55271 | 8.33271 | 6.97731
CE1 | -32.16463 | 9.72498 | 6.97999
CE1 | -32.16463 | 9.72498 | 6.97999
CE2 | -34.5437 | 9.73111 | 6.97307
CE2 | -34.5437 | 9.73111 | 6.97307
CZ | -33.35038 | 10.41781 | 6.98259
CZ | -33.35038 | 10.41781 | 6.98259
