15
PHE_A_84-GLY_A_83-3ts0.pdb
N | 0.10363 | -8.18504 | 3.0202
CA | 0.55348 | -7.30626 | 1.94467
C | 0.45375 | -5.8332 | 2.27275
O | 0.47681 | -5.45543 | 3.44625
N | 0.31685 | -4.99158 | 1.22646
CA | 0.20073 | -3.53944 | 1.35013
C | -0.92725 | -3.174 | 2.31566
O | -2.07308 | -3.64109 | 2.14682
CB | -0.00779 | -2.90968 | -0.0159
CG | -0.00197 | -1.40526 | -0.00406
CD1 | 1.19818 | -0.69858 | 0.001
CD2 | -1.1987 | -0.68725 | -0.01286
CE1 | 1.19863 | 0.69859 | -0.00099
CE2 | -1.19506 | 0.70337 | 0.01694
CZ | -0.00104 | 1.38915 | 1e-05
