34
PHE_A_84-G_U_7-3ts0.pdb
N | 0.31685 | -4.99158 | 1.22646
CA | 0.20073 | -3.53944 | 1.35013
C | -0.92725 | -3.174 | 2.31566
O | -2.07308 | -3.64109 | 2.14682
CB | -0.00779 | -2.90968 | -0.0159
CG | -0.00197 | -1.40526 | -0.00406
CD1 | 1.19818 | -0.69858 | 0.001
CD2 | -1.1987 | -0.68725 | -0.01286
CE1 | 1.19863 | 0.69859 | -0.00099
CE2 | -1.19506 | 0.70337 | 0.01694
CZ | -0.00104 | 1.38915 | 1e-05
P | 8.19869 | 1.43794 | -1.34658
OP1 | 9.05301 | 1.7957 | -2.51558
OP2 | 8.61643 | 0.3405 | -0.43604
O5' | 7.95929 | 2.74576 | -0.45549
C5' | 7.26755 | 3.91743 | -0.90419
C4' | 6.40449 | 4.49942 | 0.20169
O4' | 5.3505 | 3.56505 | 0.52562
C3' | 7.17633 | 4.69424 | 1.48675
O3' | 7.38122 | 6.05115 | 1.68958
C2' | 6.40903 | 3.97313 | 2.59434
O2' | 6.11431 | 4.72667 | 3.761
C1' | 5.12628 | 3.54826 | 1.91604
N9 | 4.64133 | 2.22351 | 2.30407
C8 | 5.33905 | 1.03682 | 2.38942
N7 | 4.59945 | 0.00766 | 2.71538
C5 | 3.33076 | 0.5509 | 2.88368
C6 | 2.10485 | -0.06246 | 3.23694
O6 | 1.88748 | -1.24768 | 3.49641
N1 | 1.05106 | 0.85135 | 3.25741
C2 | 1.15816 | 2.20733 | 3.00651
N2 | 0.04394 | 2.95084 | 3.0555
N3 | 2.2969 | 2.78906 | 2.6738
C4 | 3.34218 | 1.91134 | 2.63534
