31
PHE_A_53-U_U_13-3ts0.pdb
N | 1.36087 | -3.47616 | -2.01335
CA | 0.03657 | -3.55614 | -1.41186
C | -1.0315 | -3.00295 | -2.31486
O | -0.73697 | -2.3281 | -3.30659
CB | -0.00653 | -2.9098 | -0.01565
CG | -0.00312 | -1.40376 | -0.01911
CD1 | 1.19405 | -0.69612 | 0.00143
CD2 | -1.1953 | -0.6902 | 0.00442
CE1 | 1.19688 | 0.69613 | -0.00142
CE2 | -1.19366 | 0.70491 | 0.01471
CZ | 0.00119 | 1.38907 | 1e-05
P | -1.64343 | 3.69431 | -8.39366
OP1 | -0.90006 | 3.4732 | -7.11641
OP2 | -1.50442 | 4.97798 | -9.14914
O5' | -1.26914 | 2.52932 | -9.39817
C5' | -1.3072 | 1.18319 | -9.0223
C4' | -1.46955 | 0.39136 | -10.29244
O4' | -2.81461 | 0.61097 | -10.71336
C3' | -0.58576 | 0.7643 | -11.4826
O3' | 0.06718 | -0.3953 | -12.02081
C2' | -1.53461 | 1.43646 | -12.47631
O2' | -1.11013 | 1.22387 | -13.82079
C1' | -2.83812 | 0.72165 | -12.11043
N1 | -4.189 | 1.30325 | -12.45324
C2 | -4.96147 | 0.63393 | -13.41085
O2 | -4.58189 | -0.32949 | -14.06492
N3 | -6.23143 | 1.15075 | -13.59176
C4 | -6.8126 | 2.22065 | -12.909
O4 | -7.94935 | 2.57493 | -13.23398
C5 | -5.9788 | 2.81747 | -11.87107
C6 | -4.73292 | 2.34042 | -11.67737
