15
PHE_A_73-GLY_A_52-3ts0.pdb
N | -2.26257 | 7.18835 | -5.56578
CA | -0.86904 | 6.76048 | -5.54379
C | -0.60393 | 5.38383 | -5.00617
O | 0.53512 | 5.0732 | -4.6552
N | 0.17689 | -5.04153 | -1.29154
CA | 0.03784 | -3.58358 | -1.40737
C | 1.20255 | -2.99743 | -2.18893
O | 2.34237 | -3.41948 | -1.9995
CB | -0.01506 | -2.92378 | -0.01574
CG | -0.00705 | -1.40692 | -0.00629
CD1 | 1.19193 | -0.69948 | 0.0101
CD2 | -1.19592 | -0.68978 | -0.01107
CE1 | 1.19553 | 0.69949 | -0.01009
CE2 | -1.18878 | 0.70567 | 0.01738
CZ | 0.00432 | 1.39105 | 0.0
