17
PHE_A_95-SER_A_57-3ts0.pdb
N | 3.15385 | 4.90769 | 3.92743
CA | 3.08768 | 6.18264 | 3.24891
C | 2.85393 | 5.80577 | 1.80168
O | 3.74615 | 5.24018 | 1.17969
CB | 4.4084 | 6.90903 | 3.41366
OG | 4.25895 | 8.26494 | 3.04512
N | 1.08444 | -3.12827 | -2.20797
CA | -0.0022 | -3.6456 | -1.39807
C | -1.33568 | -3.44466 | -2.03193
O | -1.48089 | -2.63483 | -2.95351
CB | -0.00749 | -2.92788 | 0.00438
CG | -0.0021 | -1.40844 | 0.00508
CD1 | 1.18958 | -0.6995 | 0.00061
CD2 | -1.18938 | -0.69033 | -0.00429
CE1 | 1.18835 | 0.69951 | -0.0006
CE2 | -1.18619 | 0.70816 | -0.00078
CZ | -0.00023 | 1.39063 | 1e-05
