21
PHE_A_97-HIS_A_39-3ts0.pdb
N | -6.65569 | 13.15571 | -1.34931
CA | -5.36878 | 12.56884 | -1.0166
C | -5.6427 | 11.58272 | 0.12709
O | -6.42326 | 11.86981 | 1.04255
CB | -4.33675 | 13.62536 | -0.60131
CG | -3.05538 | 13.02425 | -0.09018
ND1 | -2.08474 | 12.5167 | -0.95277
CD2 | -2.65559 | 12.81172 | 1.18006
CE1 | -1.13114 | 12.02092 | -0.1768
NE2 | -1.41472 | 12.19316 | 1.10985
N | -7.50555 | 9.4435 | -4.6111
CA | -8.69339 | 8.62386 | -4.81536
C | -9.91598 | 9.50212 | -5.05764
O | -9.82269 | 10.7217 | -4.94217
CB | -8.88528 | 7.6167 | -3.65444
CG | -9.3276 | 8.26174 | -2.36546
CD1 | -8.40585 | 8.86621 | -1.51868
CD2 | -10.66798 | 8.28346 | -2.00305
CE1 | -8.82025 | 9.49335 | -0.34777
CE2 | -11.07265 | 8.88375 | -0.80788
CZ | -10.14927 | 9.49603 | 0.0
