22
PHE_A_55-PHE_A_73-3ts0.pdb
N | -12.08189 | -7.19224 | 29.46029
CA | -13.14502 | -7.57585 | 30.39603
C | -13.32222 | -9.0614 | 30.47538
O | -13.13228 | -9.7716 | 29.48946
CB | -14.48671 | -6.92139 | 29.99489
CG | -14.59806 | -5.48945 | 30.44033
CD1 | -14.06353 | -4.46268 | 29.67431
CD2 | -15.20707 | -5.16685 | 31.64155
CE1 | -14.11446 | -3.13613 | 30.11718
CE2 | -15.25577 | -3.84054 | 32.08219
CZ | -14.70229 | -2.83534 | 31.32134
N | -13.83839 | -5.73645 | 34.85596
CA | -12.66255 | -5.12667 | 34.22041
C | -11.39549 | -5.86148 | 34.62735
O | -11.24996 | -6.235 | 35.79033
CB | -12.53095 | -3.64306 | 34.61583
CG | -11.27053 | -2.94518 | 34.14116
CD1 | -10.11027 | -2.96587 | 34.91035
CD2 | -11.24655 | -2.26755 | 32.92956
CE1 | -8.94152 | -2.34534 | 34.45595
CE2 | -10.09267 | -1.6089 | 32.50191
CZ | -8.94408 | -1.66621 | 33.25756
