21
PHE_A_163-HIS_A_162-3ts0.pdb
N | -19.49892 | 18.04668 | 5.95637
CA | -18.58159 | 18.04551 | 4.81374
C | -19.15133 | 17.3048 | 3.59672
O | -18.68424 | 17.52887 | 2.48039
CB | -17.25172 | 17.43466 | 5.21935
CG | -16.3645 | 18.3219 | 6.02615
ND1 | -15.47402 | 17.79184 | 6.94419
CD2 | -16.19977 | 19.66208 | 5.98063
CE1 | -14.82407 | 18.82379 | 7.45158
NE2 | -15.23092 | 19.96961 | 6.90865
N | -20.14937 | 16.41524 | 3.80586
CA | -20.75408 | 15.64232 | 2.72746
C | -22.11117 | 16.18739 | 2.25472
O | -22.34684 | 16.24272 | 1.06002
CB | -20.88091 | 14.16783 | 3.12494
CG | -21.31419 | 13.24033 | 2.02666
CD1 | -20.41382 | 12.83283 | 1.0421
CD2 | -22.60112 | 12.70846 | 2.00862
CE1 | -20.8117 | 11.9553 | 0.02397
CE2 | -22.99477 | 11.82607 | 0.99323
CZ | -22.10021 | 11.465 | 0.0
