20
PHE_A_97-LYS_A_98-3ts0.pdb
N | 3.15742 | -2.5893 | -2.67243
CA | 2.44349 | -1.44504 | -3.2251
C | 3.32877 | -0.6825 | -4.20467
O | 4.50867 | -0.99969 | -4.33372
CB | 1.86435 | -0.55023 | -2.10133
CG | 2.91439 | 0.23265 | -1.35453
CD1 | 3.64849 | -0.35628 | -0.33163
CD2 | 3.18568 | 1.55429 | -1.68328
CE1 | 4.64266 | 0.35629 | 0.33164
CE2 | 4.16081 | 2.27489 | -0.98874
CZ | 4.89026 | 1.66624 | 1e-05
N | 2.73635 | 0.31674 | -4.89245
CA | 3.34193 | 1.14724 | -5.92537
C | 2.63188 | 2.49243 | -6.00209
O | 1.51434 | 2.63778 | -5.50473
CB | 3.23335 | 0.44096 | -7.29731
CG | 1.8078 | 0.36473 | -7.85082
CD | 1.73251 | -0.41716 | -9.15229
CE | 0.32136 | -0.5259 | -9.63898
NZ | 0.27852 | -0.86996 | -11.07676
