22
PHE_A_47-ARG_A_85-3ts0.pdb
N | 14.28148 | -4.07352 | 3.01283
CA | 13.88221 | -2.7747 | 2.4998
C | 12.53924 | -2.38181 | 3.14605
O | 11.60763 | -3.20551 | 3.26282
CB | 13.76678 | -2.78998 | 0.97371
CG | 13.79088 | -1.41111 | 0.35337
CD1 | 12.63453 | -0.64015 | 0.2806
CD2 | 14.9604 | -0.88662 | -0.17601
CE1 | 12.65842 | 0.64016 | -0.28059
CE2 | 14.98055 | 0.40815 | -0.71619
CZ | 13.83013 | 1.15235 | -0.78514
N | 9.56254 | 3.02102 | -6.73087
CA | 10.70708 | 2.16458 | -6.41735
C | 10.71817 | 1.60354 | -5.0223
O | 10.39157 | 2.28767 | -4.05587
CB | 12.02989 | 2.91044 | -6.66782
CG | 12.21385 | 3.3896 | -8.10314
CD | 13.36933 | 4.3408 | -8.21126
NE | 13.18683 | 5.57986 | -7.46043
CZ | 12.40071 | 6.57384 | -7.85683
NH1 | 11.67667 | 6.45353 | -8.96914
NH2 | 12.31129 | 7.68699 | -7.13458
