25
PHE_A_47-TRP_A_46-3ts0.pdb
N | 27.48227 | -6.14175 | 4.00221
CA | 26.25671 | -5.3687 | 3.99453
C | 26.59105 | -3.96801 | 3.51128
O | 27.74968 | -3.53075 | 3.61177
CB | 25.59358 | -5.33113 | 5.38011
CG | 26.35434 | -4.57758 | 6.42656
CD1 | 27.26916 | -5.08487 | 7.2982
CD2 | 26.21687 | -3.18755 | 6.75389
NE1 | 27.74019 | -4.08971 | 8.12717
CE2 | 27.11445 | -2.91453 | 7.81203
CE3 | 25.44447 | -2.1324 | 6.23408
CZ2 | 27.26172 | -1.63434 | 8.35732
CZ3 | 25.60246 | -0.86536 | 6.76833
CH2 | 26.51059 | -0.62383 | 7.80893
N | 25.57536 | -3.26663 | 2.99872
CA | 25.64099 | -1.88754 | 2.54776
C | 24.24734 | -1.24965 | 2.71025
O | 23.20971 | -1.85912 | 2.37577
CB | 26.11307 | -1.79845 | 1.09458
CG | 26.61804 | -0.42659 | 0.70768
CD1 | 25.73468 | 0.57731 | 0.32208
CD2 | 27.97457 | -0.13859 | 0.70848
CE1 | 26.19931 | 1.85002 | -0.02295
CE2 | 28.43041 | 1.14793 | 0.38337
CZ | 27.54618 | 2.12426 | 1e-05
