18
PHE_A_97-THR_A_96-3ts0.pdb
N | 4.80563 | -4.42453 | -1.12955
CA | 3.89044 | -3.90845 | -2.13421
C | 2.50994 | -4.21766 | -1.62768
O | 2.31597 | -5.19855 | -0.90353
CB | 4.15724 | -4.35717 | -3.5612
OG1 | 4.20981 | -5.77765 | -3.62603
CG2 | 5.40571 | -3.74898 | -4.12206
N | 1.56284 | -3.32349 | -1.90762
CA | 0.19133 | -3.50534 | -1.44897
C | -0.79451 | -2.95717 | -2.47484
O | -0.3767 | -2.34728 | -3.45611
CB | -0.00869 | -2.91236 | -0.03218
CG | -0.00513 | -1.40489 | -0.00505
CD1 | 1.19026 | -0.69568 | 0.00619
CD2 | -1.19536 | -0.68952 | -0.00943
CE1 | 1.19191 | 0.69569 | -0.00618
CE2 | -1.18633 | 0.70757 | 0.0145
CZ | 0.00469 | 1.38686 | 0.0
