22
PHE_A_116-PHE_A_116-3ts0.pdb
N | 28.29002 | -7.99439 | -32.4829
N | 28.29002 | -7.99439 | -32.4829
CA | 29.00991 | -8.36993 | -31.26862
CA | 29.00991 | -8.36993 | -31.26862
C | 28.96038 | -9.85429 | -31.02456
C | 28.96038 | -9.85429 | -31.02456
O | 28.00885 | -10.53233 | -31.44369
O | 28.00885 | -10.53233 | -31.44369
CB | 28.43733 | -7.64151 | -30.05575
CB | 28.43733 | -7.64151 | -30.05575
CG | 28.44305 | -6.12698 | -30.09638
CG | 28.44305 | -6.12698 | -30.09638
CD1 | 29.63737 | -5.41664 | -30.08143
CD1 | 29.63737 | -5.41664 | -30.08143
CD2 | 27.25271 | -5.40986 | -30.07055
CD2 | 27.25271 | -5.40986 | -30.07055
CE1 | 29.63513 | -4.01977 | -30.09235
CE1 | 29.63513 | -4.01977 | -30.09235
CE2 | 27.25709 | -4.00889 | -30.09374
CE2 | 27.25709 | -4.00889 | -30.09374
CZ | 28.44482 | -3.32709 | -30.08689
CZ | 28.44482 | -3.32709 | -30.08689
