20
PHE_A_97-GLU_A_105-3ts0.pdb
N | 4.10464 | -2.63302 | -2.6643
CA | 3.41018 | -1.49868 | -3.26051
C | 4.32951 | -0.75077 | -4.21979
O | 5.51351 | -1.06845 | -4.3013
CB | 2.79041 | -0.58675 | -2.17275
CG | 3.8124 | 0.20934 | -1.4014
CD1 | 4.50972 | -0.36219 | -0.3435
CD2 | 4.09436 | 1.52591 | -1.74136
CE1 | 5.47892 | 0.3622 | 0.34351
CE2 | 5.0434 | 2.2588 | -1.02392
CZ | 5.73732 | 1.667 | 0.0
N | -0.13936 | 2.44305 | -4.6563
CA | -1.00605 | 1.31149 | -4.99078
C | -0.36926 | 0.03182 | -4.49877
O | 0.81313 | -0.19652 | -4.76168
CB | -1.1587 | 1.25967 | -6.52461
CG | -2.16884 | 0.26833 | -7.0418
CD | -2.16593 | 0.10297 | -8.5484
OE1 | -1.94395 | 1.11595 | -9.24998
OE2 | -2.40956 | -1.03119 | -9.02977
