15
PHE_A_53-GLY_A_52-3ts0.pdb
N | 3.85381 | -2.82605 | -3.05832
CA | 3.64942 | -4.12804 | -2.43499
C | 2.3441 | -4.32599 | -1.71986
O | 2.22349 | -5.24688 | -0.91083
N | 1.36087 | -3.47616 | -2.01335
CA | 0.03657 | -3.55614 | -1.41186
C | -1.0315 | -3.00295 | -2.31486
O | -0.73697 | -2.3281 | -3.30659
CB | -0.00653 | -2.9098 | -0.01565
CG | -0.00312 | -1.40376 | -0.01911
CD1 | 1.19405 | -0.69612 | 0.00143
CD2 | -1.1953 | -0.6902 | 0.00442
CE1 | 1.19688 | 0.69613 | -0.00142
CE2 | -1.19366 | 0.70491 | 0.01471
CZ | 0.00119 | 1.38907 | 1e-05
