20
PHE_A_163-GLN_A_179-3ts0.pdb
N | 11.11248 | -3.3384 | 2.14211
CA | 10.70863 | -2.14559 | 1.40716
C | 11.86248 | -1.17361 | 1.11361
O | 11.94381 | -0.66231 | 0.01003
CB | 9.57297 | -1.42019 | 2.13671
CG | 8.9454 | -0.28421 | 1.38178
CD1 | 8.04098 | -0.52943 | 0.34836
CD2 | 9.19446 | 1.03705 | 1.74461
CE1 | 7.44233 | 0.52944 | -0.34835
CE2 | 8.58967 | 2.0941 | 1.05072
CZ | 7.72661 | 1.83292 | 1e-05
N | 3.87659 | 5.82579 | 4.7188
CA | 3.69654 | 7.08256 | 3.97272
C | 2.88181 | 6.85553 | 2.70355
O | 3.39667 | 6.31632 | 1.72239
CB | 5.05854 | 7.69159 | 3.60749
CG | 5.43977 | 8.88649 | 4.45563
CD | 6.71758 | 8.66638 | 5.21135
OE1 | 6.70066 | 8.36953 | 6.40864
NE2 | 7.84578 | 8.7845 | 4.52975
