17
PHE_A_73-SER_A_106-3ts0.pdb
N | 0.17689 | -5.04153 | -1.29154
CA | 0.03784 | -3.58358 | -1.40737
C | 1.20255 | -2.99743 | -2.18893
O | 2.34237 | -3.41948 | -1.9995
CB | -0.01506 | -2.92378 | -0.01574
CG | -0.00705 | -1.40692 | -0.00629
CD1 | 1.19193 | -0.69948 | 0.0101
CD2 | -1.19592 | -0.68978 | -0.01107
CE1 | 1.19553 | 0.69949 | -0.01009
CE2 | -1.18878 | 0.70567 | 0.01738
CZ | 0.00432 | 1.39105 | 0.0
N | 4.97761 | -4.11208 | -0.93298
CA | 6.04144 | -4.30608 | -1.91769
C | 7.12329 | -3.25914 | -1.74556
O | 6.84441 | -2.15274 | -1.31102
CB | 5.50948 | -4.43573 | -3.34318
OG | 4.4947 | -3.50186 | -3.63826
