21
PHE_A_73-HIS_A_75-3ts0.pdb
N | 1.48951 | 22.21662 | 4.05062
CA | 1.84846 | 20.91397 | 3.47387
C | 3.1343 | 20.39224 | 4.09466
O | 4.06728 | 21.16388 | 4.31223
CB | 2.03547 | 21.02073 | 1.94797
CG | 2.55403 | 19.77224 | 1.25994
CD1 | 3.92134 | 19.54322 | 1.1322
CD2 | 1.67622 | 18.83078 | 0.73955
CE1 | 4.39574 | 18.37679 | 0.52236
CE2 | 2.15326 | 17.69164 | 0.08922
CZ | 3.50725 | 17.46296 | 0.0
N | 5.92087 | 16.89863 | 3.70567
CA | 6.37522 | 15.72592 | 2.99003
C | 7.32826 | 14.97594 | 3.90177
O | 8.15213 | 15.59346 | 4.58283
CB | 7.03045 | 16.10848 | 1.65218
CG | 7.38173 | 14.92216 | 0.80269
ND1 | 8.69263 | 14.51952 | 0.63567
CD2 | 6.57438 | 14.06473 | 0.13445
CE1 | 8.64208 | 13.45224 | -0.14163
NE2 | 7.38923 | 13.14737 | -0.47141
