22
PHE_A_163-ARG_A_138-3ts0.pdb
N | 14.56277 | -7.97447 | -9.08606
CA | 15.88707 | -8.59675 | -9.24597
C | 15.95824 | -10.01284 | -8.64669
O | 15.33982 | -10.26108 | -7.62015
CB | 16.95599 | -7.72696 | -8.54773
CG | 16.79566 | -6.22631 | -8.76053
CD | 17.93189 | -5.41509 | -8.15995
NE | 17.97038 | -5.41461 | -6.69547
CZ | 17.21151 | -4.65053 | -5.9104
NH1 | 16.30989 | -3.82619 | -6.44068
NH2 | 17.32968 | -4.72184 | -4.58875
N | 17.19424 | -4.67182 | 0.17908
CA | 17.09873 | -3.24966 | -0.1281
C | 18.42075 | -2.62348 | -0.59975
O | 18.41058 | -1.85194 | -1.54343
CB | 16.53906 | -2.47468 | 1.06954
CG | 16.21751 | -1.03149 | 0.80868
CD1 | 15.06068 | -0.67358 | 0.11606
CD2 | 17.02647 | -0.01767 | 1.3158
CE1 | 14.75049 | 0.67359 | -0.11605
CE2 | 16.71081 | 1.32883 | 1.08802
CZ | 15.5806 | 1.66519 | 0.36235
