31
PHE_A_47-U_U_14-3ts0.pdb
N | -0.26986 | -4.9125 | -1.44245
CA | 0.15929 | -3.52533 | -1.40894
C | 1.63209 | -3.45472 | -1.85778
O | 2.47906 | -4.27308 | -1.4419
CB | -0.01251 | -2.92258 | -0.01263
CG | -0.00872 | -1.41043 | -0.004
CD1 | 1.1874 | -0.69904 | 0.00278
CD2 | -1.1956 | -0.69349 | 0.01664
CE1 | 1.19219 | 0.69905 | -0.00277
CE2 | -1.18176 | 0.70922 | -0.01262
CZ | 0.00651 | 1.39472 | 1e-05
P | 6.88917 | -4.58268 | -1.4045
OP1 | 7.55876 | -4.50032 | -0.08054
OP2 | 5.67911 | -3.76304 | -1.58183
O5' | 7.89907 | -4.23511 | -2.59225
C5' | 7.55243 | -3.52551 | -3.79367
C4' | 8.50402 | -2.34535 | -3.97808
O4' | 8.50148 | -1.47192 | -2.80833
C3' | 9.97941 | -2.65617 | -4.24033
O3' | 10.45045 | -1.68105 | -5.16827
C2' | 10.62522 | -2.47601 | -2.86624
O2' | 12.00003 | -2.20103 | -2.96974
C1' | 9.82008 | -1.28611 | -2.33885
N1 | 9.79967 | -0.93586 | -0.86649
C2 | 9.95707 | 0.40054 | -0.48631
O2 | 10.13879 | 1.3308 | -1.26624
N3 | 9.93024 | 0.63762 | 0.86997
C4 | 9.73864 | -0.29301 | 1.86525
O4 | 9.7045 | 0.09074 | 3.03317
C5 | 9.51009 | -1.63936 | 1.39595
C6 | 9.54057 | -1.90691 | 0.07851
