18
PHE_A_95-THR_A_110-3ts0.pdb
N | 1.08444 | -3.12827 | -2.20797
CA | -0.0022 | -3.6456 | -1.39807
C | -1.33568 | -3.44466 | -2.03193
O | -1.48089 | -2.63483 | -2.95351
CB | -0.00749 | -2.92788 | 0.00438
CG | -0.0021 | -1.40844 | 0.00508
CD1 | 1.18958 | -0.6995 | 0.00061
CD2 | -1.18938 | -0.69033 | -0.00429
CE1 | 1.18835 | 0.69951 | -0.0006
CE2 | -1.18619 | 0.70816 | -0.00078
CZ | -0.00023 | 1.39063 | 1e-05
N | 3.33491 | -6.55515 | 0.66342
CA | 4.53707 | -7.28583 | 0.23788
C | 5.67251 | -6.27554 | -0.02158
O | 5.44173 | -5.06539 | 0.00706
CB | 4.25973 | -8.09588 | -1.07654
OG1 | 4.16836 | -7.22585 | -2.19746
CG2 | 3.03987 | -8.96022 | -1.00899
