34
TRP_A_46-U_U_12-3ts0.pdb
N | -3.46438 | -2.50436 | 2.12342
CA | -2.39685 | -3.1534 | 1.38938
C | -1.13325 | -3.06593 | 2.22777
O | -1.01525 | -2.18141 | 3.0923
CB | -2.18579 | -2.52107 | 0.00497
CG | -1.65765 | -1.12021 | 0.02195
CD1 | -2.38668 | 0.02978 | 0.01565
CD2 | -0.28005 | -0.72153 | -0.01711
NE1 | -1.54949 | 1.12454 | 0.01225
CE2 | -0.25149 | 0.69228 | -0.0035
CE3 | 0.94049 | -1.42172 | -0.02921
CZ2 | 0.94553 | 1.41689 | 1e-05
CZ3 | 2.12199 | -0.70092 | -0.01327
CH2 | 2.11739 | 0.70093 | 0.01328
P | 1.5793 | 3.07683 | -4.9987
OP1 | 2.99293 | 3.41488 | -4.66164
OP2 | 1.02859 | 3.495 | -6.30941
O5' | 1.41384 | 1.48975 | -4.96112
C5' | 2.07723 | 0.68707 | -4.0134
C4' | 1.16891 | -0.45894 | -3.6499
O4' | -0.0883 | 0.07172 | -3.21755
C3' | 0.82074 | -1.42165 | -4.76678
O3' | 1.11392 | -2.7344 | -4.32529
C2' | -0.65587 | -1.14358 | -5.0656
O2' | -1.38532 | -2.26237 | -5.53566
C1' | -1.13274 | -0.73472 | -3.69299
N1 | -2.37515 | 0.08169 | -3.59789
C2 | -3.60694 | -0.52762 | -3.36594
O2 | -3.78044 | -1.74266 | -3.32633
N3 | -4.65852 | 0.36938 | -3.22685
C4 | -4.58174 | 1.77007 | -3.20791
O4 | -5.58772 | 2.47822 | -3.03915
C5 | -3.26083 | 2.30753 | -3.43374
C6 | -2.24074 | 1.46791 | -3.60989
