28
TRP_A_46-TRP_A_46-3ts0.pdb
N | -14.02896 | 23.55475 | 31.62147
N | -14.02896 | 23.55475 | 31.62147
CA | -12.96143 | 22.90571 | 30.88743
CA | -12.96143 | 22.90571 | 30.88743
C | -11.69783 | 22.99318 | 31.72582
C | -11.69783 | 22.99318 | 31.72582
O | -11.57983 | 23.8777 | 32.59035
O | -11.57983 | 23.8777 | 32.59035
CB | -12.75037 | 23.53804 | 29.50302
CB | -12.75037 | 23.53804 | 29.50302
CG | -12.22223 | 24.9389 | 29.52
CG | -12.22223 | 24.9389 | 29.52
CD1 | -12.95126 | 26.08889 | 29.5137
CD1 | -12.95126 | 26.08889 | 29.5137
CD2 | -10.84463 | 25.33758 | 29.48094
CD2 | -10.84463 | 25.33758 | 29.48094
NE1 | -12.11407 | 27.18365 | 29.5103
NE1 | -12.11407 | 27.18365 | 29.5103
CE2 | -10.81607 | 26.75139 | 29.49455
CE2 | -10.81607 | 26.75139 | 29.49455
CE3 | -9.62409 | 24.63739 | 29.46884
CE3 | -9.62409 | 24.63739 | 29.46884
CZ2 | -9.61905 | 27.476 | 29.49806
CZ2 | -9.61905 | 27.476 | 29.49806
CZ3 | -8.44259 | 25.35819 | 29.48478
CZ3 | -8.44259 | 25.35819 | 29.48478
CH2 | -8.44719 | 26.76004 | 29.51133
CH2 | -8.44719 | 26.76004 | 29.51133
