25
TRP_A_46-PHE_A_47-3ts0.pdb
N | 18.18707 | 1.75752 | 6.20698
CA | 17.01322 | 1.28085 | 5.50375
C | 17.31414 | -0.11474 | 4.98507
O | 18.48933 | -0.47752 | 4.80895
CB | 16.6103 | 2.22105 | 4.35716
CG | 17.57649 | 2.27773 | 3.21484
CD1 | 18.61024 | 3.15021 | 3.05939
CD2 | 17.55789 | 1.46395 | 2.03346
NE1 | 19.26287 | 2.90844 | 1.86985
CE2 | 18.64059 | 1.87616 | 1.22249
CE3 | 16.74987 | 0.39992 | 1.59177
CZ2 | 18.93622 | 1.26291 | 1e-05
CZ3 | 17.05352 | -0.21167 | 0.38781
CH2 | 18.14214 | 0.21168 | -0.3878
N | 16.25346 | -0.88782 | 4.73286
CA | 16.2951 | -2.2225 | 4.16152
C | 14.98075 | -2.47147 | 3.39596
O | 13.87552 | -2.14405 | 3.87688
CB | 16.50342 | -3.28524 | 5.24305
CG | 16.98808 | -4.61087 | 4.70037
CD1 | 16.0928 | -5.53863 | 4.17638
CD2 | 18.33378 | -4.94469 | 4.72788
CE1 | 16.54113 | -6.75898 | 3.66212
CE2 | 18.77761 | -6.16153 | 4.18847
CZ | 17.88072 | -7.0671 | 3.68095
