23
TRP_A_46-LYS_A_45-3ts0.pdb
N | 3.26315 | 3.44412 | 8.09384
CA | 2.45426 | 4.19391 | 7.12953
C | 1.701 | 3.19732 | 6.26489
O | 0.484 | 3.25528 | 6.16016
CB | 3.34128 | 5.12186 | 6.29063
CG | 2.57936 | 6.1113 | 5.43381
CD | 3.50248 | 6.7944 | 4.46286
CE | 2.79679 | 7.9355 | 3.82947
NZ | 3.46156 | 8.34525 | 2.56822
N | 2.42856 | 2.26109 | 5.68539
CA | 1.89666 | 1.18093 | 4.87916
C | 2.98055 | 0.12621 | 4.73774
O | 4.17593 | 0.43362 | 4.88019
CB | 1.4217 | 1.67251 | 3.50303
CG | 2.50873 | 2.14953 | 2.59064
CD1 | 2.97049 | 3.42415 | 2.46365
CD2 | 3.22786 | 1.36511 | 1.62846
NE1 | 3.96069 | 3.47897 | 1.50663
CE2 | 4.1417 | 2.22873 | 0.98124
CE3 | 3.21414 | 0.00455 | 1.26954
CZ2 | 5.03148 | 1.77772 | 1e-05
CZ3 | 4.10449 | -0.4394 | 0.30728
CH2 | 5.00776 | 0.43941 | -0.30727
