25
TRP_A_46-PHE_A_55-3ts0.pdb
N | 15.94638 | 1.45605 | 6.26463
CA | 14.83045 | 0.79953 | 5.61396
C | 15.34938 | -0.47395 | 4.96881
O | 16.55282 | -0.5844 | 4.6803
CB | 14.15592 | 1.7093 | 4.57554
CG | 14.99055 | 2.02677 | 3.37378
CD1 | 15.81887 | 3.09517 | 3.21127
CD2 | 15.02751 | 1.29944 | 2.13771
NE1 | 16.40064 | 3.06128 | 1.96235
CE2 | 15.93596 | 1.96754 | 1.28434
CE3 | 14.40522 | 0.12512 | 1.67526
CZ2 | 16.23774 | 1.50134 | 0.0
CZ3 | 14.71611 | -0.33899 | 0.40889
CH2 | 15.63124 | 0.339 | -0.40888
N | 19.00737 | -0.1044 | 3.36856
CA | 20.10926 | 0.73778 | 3.84771
C | 20.15619 | 0.81403 | 5.34322
O | 19.12232 | 0.77664 | 6.00823
CB | 19.99698 | 2.1655 | 3.26602
CG | 20.517 | 2.26897 | 1.85885
CD1 | 19.70915 | 1.94809 | 0.77665
CD2 | 21.82433 | 2.65454 | 1.61361
CE1 | 20.2107 | 1.98699 | -0.52926
CE2 | 22.32326 | 2.69167 | 0.30773
CZ | 21.51596 | 2.35004 | -0.75397
