20
TRP_A_46-CYS_A_44-3ts0.pdb
N | -6.45221 | -4.26565 | 6.93095
CA | -5.30125 | -3.83059 | 6.15284
C | -5.7269 | -3.52418 | 4.68229
O | -6.36433 | -4.36735 | 4.0367
CB | -4.18568 | -4.86267 | 6.21118
SG | -2.8064 | -4.49308 | 5.11297
N | -3.46438 | -2.50436 | 2.12342
CA | -2.39685 | -3.1534 | 1.38938
C | -1.13325 | -3.06593 | 2.22777
O | -1.01525 | -2.18141 | 3.0923
CB | -2.18579 | -2.52107 | 0.00497
CG | -1.65765 | -1.12021 | 0.02195
CD1 | -2.38668 | 0.02978 | 0.01565
CD2 | -0.28005 | -0.72153 | -0.01711
NE1 | -1.54949 | 1.12454 | 0.01225
CE2 | -0.25149 | 0.69228 | -0.0035
CE3 | 0.94049 | -1.42172 | -0.02921
CZ2 | 0.94553 | 1.41689 | 1e-05
CZ3 | 2.12199 | -0.70092 | -0.01327
CH2 | 2.11739 | 0.70093 | 0.01328
