18
TRP_A_46-GLY_A_54-3ts0.pdb
N | -3.46438 | -2.50436 | 2.12342
CA | -2.39685 | -3.1534 | 1.38938
C | -1.13325 | -3.06593 | 2.22777
O | -1.01525 | -2.18141 | 3.0923
CB | -2.18579 | -2.52107 | 0.00497
CG | -1.65765 | -1.12021 | 0.02195
CD1 | -2.38668 | 0.02978 | 0.01565
CD2 | -0.28005 | -0.72153 | -0.01711
NE1 | -1.54949 | 1.12454 | 0.01225
CE2 | -0.25149 | 0.69228 | -0.0035
CE3 | 0.94049 | -1.42172 | -0.02921
CZ2 | 0.94553 | 1.41689 | 1e-05
CZ3 | 2.12199 | -0.70092 | -0.01327
CH2 | 2.11739 | 0.70093 | 0.01328
N | 2.8299 | -0.21371 | 4.35154
CA | 1.53125 | -0.27928 | 3.70905
C | 0.56223 | 0.64129 | 4.4065
O | 0.9787 | 1.56503 | 5.1226
