34
TRP_A_46-U_U_13-3ts0.pdb
N | -3.46438 | -2.50436 | 2.12342
CA | -2.39685 | -3.1534 | 1.38938
C | -1.13325 | -3.06593 | 2.22777
O | -1.01525 | -2.18141 | 3.0923
CB | -2.18579 | -2.52107 | 0.00497
CG | -1.65765 | -1.12021 | 0.02195
CD1 | -2.38668 | 0.02978 | 0.01565
CD2 | -0.28005 | -0.72153 | -0.01711
NE1 | -1.54949 | 1.12454 | 0.01225
CE2 | -0.25149 | 0.69228 | -0.0035
CE3 | 0.94049 | -1.42172 | -0.02921
CZ2 | 0.94553 | 1.41689 | 1e-05
CZ3 | 2.12199 | -0.70092 | -0.01327
CH2 | 2.11739 | 0.70093 | 0.01328
P | 2.56383 | -3.3345 | -4.65968
OP1 | 3.602 | -2.54835 | -3.92684
OP2 | 2.6615 | -3.54255 | -6.13788
O5' | 2.46665 | -4.77076 | -4.00086
C5' | 2.34737 | -4.94796 | -2.61912
C4' | 1.7185 | -6.30077 | -2.41652
O4' | 0.35449 | -6.15322 | -2.80676
C3' | 2.26894 | -7.47164 | -3.2306
O3' | 2.56986 | -8.59024 | -2.38274
C2' | 1.1809 | -7.77379 | -4.2623
O2' | 1.16901 | -9.15629 | -4.61095
C1' | -0.05125 | -7.31487 | -3.47799
N1 | -1.34721 | -6.95916 | -4.16692
C2 | -2.44771 | -7.79969 | -3.95687
O2 | -2.41122 | -8.85659 | -3.33904
N3 | -3.62989 | -7.35418 | -4.51952
C4 | -3.83418 | -6.16742 | -5.22556
O4 | -4.95428 | -5.95149 | -5.69682
C5 | -2.66288 | -5.30453 | -5.33585
C6 | -1.49423 | -5.71607 | -4.80459
