25
TRP_A_46-PHE_A_53-3ts0.pdb
N | 18.43661 | 0.74726 | 6.23408
CA | 17.18038 | 0.30557 | 5.6627
C | 17.44927 | -0.95817 | 4.86401
O | 18.59042 | -1.19651 | 4.43426
CB | 16.53826 | 1.38895 | 4.78239
CG | 17.28391 | 1.70687 | 3.52359
CD1 | 18.23245 | 2.66901 | 3.35464
CD2 | 17.0947 | 1.10046 | 2.23723
NE1 | 18.67528 | 2.67743 | 2.04956
CE2 | 17.99694 | 1.72207 | 1.34313
CE3 | 16.27153 | 0.06579 | 1.7556
CZ2 | 18.10015 | 1.34353 | 0.0
CZ3 | 16.38581 | -0.31358 | 0.4294
CH2 | 17.2996 | 0.31359 | -0.42939
N | 17.85868 | -6.11887 | -1.05137
CA | 18.98397 | -5.25268 | -0.72671
C | 18.56698 | -4.06437 | 0.09561
O | 17.37529 | -3.76237 | 0.21536
CB | 19.7716 | -4.83046 | -1.97987
CG | 19.09571 | -3.78255 | -2.8244
CD1 | 18.22158 | -4.14654 | -3.84313
CD2 | 19.36696 | -2.43297 | -2.63446
CE1 | 17.59719 | -3.17758 | -4.62392
CE2 | 18.75178 | -1.46173 | -3.42484
CZ | 17.8626 | -1.83893 | -4.40619
