18
TYR_A_140-CYS_A_139-3ts0.pdb
N | 3.07344 | -2.93647 | -5.1492
CA | 1.78546 | -3.38825 | -4.61465
C | 1.96635 | -3.74539 | -3.10685
O | 3.00245 | -4.30431 | -2.72595
CB | 1.27989 | -4.58739 | -5.40291
SG | 0.13851 | -5.63886 | -4.47714
N | 0.97585 | -3.40827 | -2.25642
CA | 1.0997 | -3.63443 | -0.80592
C | 1.14768 | -5.09085 | -0.41936
O | 1.76989 | -5.41079 | 0.59237
CB | -0.01025 | -2.92861 | 0.00018
CG | -0.00325 | -1.41096 | -0.02701
CD1 | 1.19213 | -0.69729 | -0.00152
CD2 | -1.19517 | -0.68703 | 0.00974
CE1 | 1.20075 | 0.6973 | 0.00153
CE2 | -1.19749 | 0.70439 | 0.01728
CZ | 0.00305 | 1.39362 | 0.0
OH | 0.00384 | 2.76885 | 0.03398
