21
TYR_A_140-LYS_A_160-3ts0.pdb
N | 10.02325 | -0.03273 | 3.23283
CA | 10.4858 | 0.787 | 2.09945
C | 11.82082 | 1.44783 | 2.33167
O | 12.54328 | 1.67133 | 1.36151
CB | 9.45373 | 1.85449 | 1.68081
CG | 8.14393 | 1.34048 | 1.11137
CD1 | 8.11169 | 0.22888 | 0.27339
CD2 | 6.94649 | 2.01846 | 1.3407
CE1 | 6.91316 | -0.22887 | -0.27338
CE2 | 5.74603 | 1.57251 | 0.7965
CZ | 5.73128 | 0.44026 | 0.0
OH | 4.55007 | 0.01255 | -0.56057
N | 14.66317 | 4.02054 | -2.96054
CA | 15.20669 | 2.91875 | -3.75459
C | 14.11826 | 2.04828 | -4.4288
O | 13.03469 | 1.92646 | -3.87523
CB | 16.35377 | 2.1859 | -3.01728
CG | 15.97546 | 1.25968 | -1.89785
CD | 17.14413 | 1.075 | -0.92601
CE | 17.10451 | 2.03608 | 0.24709
NZ | 15.8995 | 1.82788 | 1.09283
