20
TYR_A_140-ASP_A_137-3ts0.pdb
N | 8.12175 | -8.5043 | -0.98647
CA | 7.57096 | -7.80193 | 0.19111
C | 8.61753 | -7.55239 | 1.30862
O | 8.46308 | -7.97774 | 2.47314
CB | 6.25083 | -8.40568 | 0.69608
CG | 5.52237 | -7.59377 | 1.77097
OD1 | 5.71565 | -6.35104 | 1.82122
OD2 | 4.75115 | -8.20382 | 2.56319
N | 11.63293 | -1.22519 | 3.27112
CA | 12.32796 | -0.25445 | 2.40797
C | 13.71747 | 0.09248 | 2.87892
O | 14.56051 | 0.40966 | 2.04118
CB | 11.51873 | 1.04327 | 2.20541
CG | 10.21071 | 0.91173 | 1.44656
CD1 | 10.09484 | 0.05115 | 0.35805
CD2 | 9.11359 | 1.71304 | 1.76327
CE1 | 8.90248 | -0.05114 | -0.35804
CE2 | 7.92087 | 1.62179 | 1.05248
CZ | 7.81481 | 0.72868 | 1e-05
OH | 6.64546 | 0.65539 | -0.72088
