22
TYR_A_140-HIS_A_147-3ts0.pdb
N | 16.59731 | 20.65545 | 4.23384
CA | 16.80112 | 21.55795 | 3.08737
C | 17.21195 | 22.9548 | 3.47845
O | 17.91324 | 23.60102 | 2.70147
CB | 15.56806 | 21.62846 | 2.16294
CG | 15.20255 | 20.35248 | 1.42653
CD1 | 16.18695 | 19.50951 | 0.91734
CD2 | 13.87057 | 20.03247 | 1.1629
CE1 | 15.85374 | 18.35084 | 0.21631
CE2 | 13.52762 | 18.88114 | 0.46079
CZ | 14.52217 | 18.03547 | 1e-05
OH | 14.18671 | 16.91043 | -0.71706
N | 16.68026 | 16.09236 | 11.35841
CA | 15.29644 | 16.36979 | 10.93927
C | 15.20928 | 16.86139 | 9.4726
O | 16.16083 | 16.69293 | 8.70243
CB | 14.69622 | 17.44574 | 11.87175
CG | 15.42469 | 18.75012 | 11.74328
ND1 | 16.73845 | 18.88745 | 12.17231
CD2 | 15.05048 | 19.88859 | 11.11244
CE1 | 17.10406 | 20.10978 | 11.81931
NE2 | 16.12361 | 20.74784 | 11.17555
