22
TYR_A_140-HIS_A_148-3ts0.pdb
N | -3.80295 | 29.27061 | 3.62421
CA | -3.78946 | 29.98826 | 2.33765
C | -4.48047 | 31.32749 | 2.38098
O | -4.09138 | 32.21502 | 1.62334
CB | -4.37667 | 29.14791 | 1.18484
CG | -3.60195 | 27.9022 | 0.79486
CD1 | -2.20956 | 27.89495 | 0.78707
CD2 | -4.26196 | 26.7567 | 0.34953
CE1 | -1.49536 | 26.76045 | 0.4026
CE2 | -3.55874 | 25.62105 | -0.04024
CZ | -2.1749 | 25.62226 | 1e-05
OH | -1.47682 | 24.50996 | -0.40976
N | -5.45335 | 25.58457 | 8.53095
CA | -5.54865 | 25.63514 | 7.07013
C | -6.88292 | 26.24496 | 6.62217
O | -7.84139 | 26.28145 | 7.40012
CB | -5.38184 | 24.22489 | 6.46649
CG | -3.97428 | 23.69144 | 6.41031
ND1 | -3.70712 | 22.42568 | 5.88961
CD2 | -2.80009 | 24.25314 | 6.79573
CE1 | -2.39306 | 22.26799 | 5.96543
NE2 | -1.80278 | 23.33485 | 6.50558
