23
TYR_A_140-ARG_A_138-3ts0.pdb
N | 16.23335 | 1.28729 | -6.73167
CA | 17.48981 | 0.5293 | -6.61622
C | 17.44925 | -0.52813 | -5.49831
O | 16.84193 | -0.28413 | -4.46416
CB | 18.6543 | 1.49911 | -6.31607
CG | 18.62547 | 2.79688 | -7.11477
CD | 19.84865 | 3.66776 | -6.87994
NE | 19.93111 | 4.25084 | -5.53851
CZ | 19.26924 | 5.33418 | -5.13313
NH1 | 18.43118 | 5.9595 | -5.95793
NH2 | 19.42014 | 5.78701 | -3.89298
N | 18.67854 | -2.43979 | -2.20245
CA | 19.30896 | -1.8505 | -1.00841
C | 20.75497 | -2.23805 | -0.83017
O | 21.51 | -1.44905 | -0.26404
CB | 18.53271 | -2.16513 | 0.28712
CG | 17.14354 | -1.56473 | 0.40449
CD1 | 16.87287 | -0.28234 | -0.06572
CD2 | 16.12072 | -2.246 | 1.06464
CE1 | 15.60447 | 0.28235 | 0.06573
CE2 | 14.85298 | -1.68983 | 1.20486
CZ | 14.59485 | -0.42995 | 0.69235
OH | 13.34988 | 0.13285 | 0.85278
