24
TYR_A_140-TYR_A_140-3ts0.pdb
N | 20.87835 | -49.27009 | 7.65007
N | 20.87835 | -49.27009 | 7.65007
CA | 21.0022 | -49.49624 | 9.10057
CA | 21.0022 | -49.49624 | 9.10057
C | 21.05017 | -50.95267 | 9.48713
C | 21.05017 | -50.95267 | 9.48713
O | 21.67239 | -51.27261 | 10.49886
O | 21.67239 | -51.27261 | 10.49886
CB | 19.89225 | -48.79043 | 9.90666
CB | 19.89225 | -48.79043 | 9.90666
CG | 19.89925 | -47.27278 | 9.87948
CG | 19.89925 | -47.27278 | 9.87948
CD1 | 21.09462 | -46.55911 | 9.90496
CD1 | 21.09462 | -46.55911 | 9.90496
CD2 | 18.70733 | -46.54885 | 9.91623
CD2 | 18.70733 | -46.54885 | 9.91623
CE1 | 21.10325 | -45.16451 | 9.90801
CE1 | 21.10325 | -45.16451 | 9.90801
CE2 | 18.70501 | -45.15742 | 9.92377
CE2 | 18.70501 | -45.15742 | 9.92377
CZ | 19.90555 | -44.4682 | 9.90649
CZ | 19.90555 | -44.4682 | 9.90649
OH | 19.90633 | -43.09296 | 9.94047
OH | 19.90633 | -43.09296 | 9.94047
