40
U_U_5-U_U_14-3ts0.pdb
P | -4.45976 | -46.56085 | -23.07873
OP1 | -4.55815 | -46.8303 | -24.54247
OP2 | -5.41744 | -47.23212 | -22.16018
O5' | -2.9818 | -46.95183 | -22.58947
C5' | -1.83677 | -46.38106 | -23.27857
C4' | -0.55374 | -46.54629 | -22.49058
O4' | -0.71949 | -45.9058 | -21.21352
C3' | -0.21687 | -47.98636 | -22.13681
O3' | 0.39895 | -48.68319 | -23.2287
C2' | 0.6092 | -47.83457 | -20.85276
O2' | 1.99647 | -47.53154 | -20.93777
C1' | -0.08137 | -46.65966 | -20.20438
N1 | -0.98766 | -47.04873 | -19.08556
C2 | -0.40749 | -47.47152 | -17.89011
O2 | 0.80184 | -47.56225 | -17.68991
N3 | -1.31672 | -47.80824 | -16.91129
C4 | -2.69647 | -47.79507 | -16.9979
O4 | -3.3331 | -48.13081 | -16.00752
C5 | -3.23894 | -47.35107 | -18.26104
C6 | -2.37678 | -47.00254 | -19.23675
P | -4.7179 | -56.4515 | -7.9177
OP1 | -5.51963 | -55.3899 | -8.57972
OP2 | -4.31027 | -57.58897 | -8.75883
O5' | -3.40679 | -55.85057 | -7.23118
C5' | -2.12973 | -56.5079 | -7.16679
C4' | -1.05239 | -55.57843 | -7.72152
O4' | -1.37334 | -55.14098 | -9.07681
C3' | -0.75581 | -54.29215 | -6.94714
O3' | 0.6501 | -54.06963 | -7.03488
C2' | -1.53782 | -53.22959 | -7.71984
O2' | -1.009 | -51.94317 | -7.51515
C1' | -1.34035 | -53.7314 | -9.15213
N1 | -2.22238 | -53.25386 | -10.28566
C2 | -1.62799 | -52.88238 | -11.4956
O2 | -0.4194 | -52.88928 | -11.71005
N3 | -2.4963 | -52.45655 | -12.47597
C4 | -3.86796 | -52.39024 | -12.38936
O4 | -4.50414 | -52.02035 | -13.37472
C5 | -4.41646 | -52.85813 | -11.13822
C6 | -3.59572 | -53.27042 | -10.15609
