43
U_U_19-G_U_3-3ts0.pdb
P | 5.77951 | 12.2124 | -67.16409
OP1 | 7.07141 | 12.14349 | -67.88252
OP2 | 4.86523 | 13.35428 | -67.42877
O5' | 4.90829 | 10.91137 | -67.49742
C5' | 5.41348 | 9.60899 | -67.23323
C4' | 4.30995 | 8.56771 | -67.22753
O4' | 3.38191 | 8.759 | -66.11397
C3' | 3.39615 | 8.44929 | -68.45163
O3' | 3.99039 | 7.91986 | -69.64354
C2' | 2.37531 | 7.49974 | -67.84262
O2' | 2.86305 | 6.16507 | -67.74462
C1' | 2.13865 | 8.17096 | -66.47797
N9 | 1.08764 | 9.19914 | -66.56202
C8 | 1.21506 | 10.57668 | -66.58025
N7 | 0.08346 | 11.22493 | -66.71367
C5 | -0.85525 | 10.2091 | -66.84558
C6 | -2.26541 | 10.27014 | -67.03133
O6 | -2.96826 | 11.2925 | -67.08764
N1 | -2.85721 | 8.99799 | -67.1216
C2 | -2.16349 | 7.80578 | -67.02207
N2 | -2.85579 | 6.66384 | -67.0812
N3 | -0.85198 | 7.73648 | -66.82686
C4 | -0.25627 | 8.96283 | -66.76446
P | -5.10004 | 2.45582 | -60.17316
OP1 | -5.24718 | 1.12918 | -59.53705
OP2 | -5.91053 | 3.60569 | -59.6735
O5' | -3.5424 | 2.79845 | -60.21417
C5' | -3.10468 | 3.52339 | -59.14379
C4' | -1.69541 | 4.02547 | -59.28663
O4' | -1.61493 | 4.94932 | -60.40185
C3' | -1.51912 | 4.86626 | -58.04646
O3' | -0.96541 | 4.09155 | -57.00905
C2' | -0.74261 | 6.08471 | -58.5087
O2' | 0.66016 | 5.94065 | -58.44516
C1' | -1.21542 | 6.23254 | -59.95024
N1 | -2.26385 | 7.32753 | -60.14622
C2 | -1.82496 | 8.64495 | -60.25378
O2 | -0.65431 | 8.97287 | -60.22687
N3 | -2.81271 | 9.60193 | -60.40185
C4 | -4.18289 | 9.40366 | -60.46425
O4 | -4.9282 | 10.37615 | -60.62464
C5 | -4.57442 | 8.01472 | -60.32367
C6 | -3.63255 | 7.05531 | -60.1706
