42
U_U_5-A_U_6-3ts0.pdb
P | 0.8587 | 47.63253 | 19.68654
OP1 | 0.12722 | 47.9698 | 20.94192
OP2 | 0.77161 | 48.56689 | 18.5329
O5' | 2.41526 | 47.45846 | 20.03788
C5' | 2.80063 | 46.54386 | 21.09936
C4' | 4.27934 | 46.21737 | 21.06482
O4' | 4.58564 | 45.63314 | 19.78676
C3' | 5.19102 | 47.43214 | 21.13989
O3' | 5.35683 | 47.90348 | 22.48427
C2' | 6.45237 | 46.95375 | 20.40888
O2' | 7.423 | 46.18287 | 21.10689
C1' | 5.84891 | 46.07727 | 19.33869
N1 | 5.81335 | 46.72275 | 17.99459
C2 | 7.01782 | 46.87147 | 17.30787
O2 | 8.11665 | 46.52172 | 17.73336
N3 | 6.89236 | 47.47388 | 16.07519
C4 | 5.73936 | 47.95246 | 15.48108
O4 | 5.83775 | 48.45718 | 14.37002
C5 | 4.52407 | 47.77294 | 16.24119
C6 | 4.60961 | 47.176 | 17.44667
P | 5.63566 | 49.45957 | 22.74803
OP1 | 5.49216 | 49.68973 | 24.21157
OP2 | 4.88833 | 50.33688 | 21.79206
O5' | 7.16051 | 49.63729 | 22.31886
C5' | 8.20886 | 48.87736 | 22.90203
C4' | 9.48438 | 49.06809 | 22.10804
O4' | 9.24925 | 48.89546 | 20.68328
C3' | 10.1338 | 50.4291 | 22.27501
O3' | 11.52248 | 50.21536 | 22.32991
C2' | 9.76174 | 51.17547 | 20.99067
O2' | 10.75697 | 52.1292 | 20.66312
C1' | 9.64422 | 50.04948 | 19.95336
N9 | 8.66043 | 50.28666 | 18.8832
C8 | 7.28474 | 50.22397 | 18.96793
N7 | 6.62427 | 50.4769 | 17.84923
C5 | 7.64915 | 50.68785 | 16.94795
C6 | 7.62622 | 51.03345 | 15.57635
N6 | 6.49196 | 51.20349 | 14.89037
N1 | 8.81984 | 51.20138 | 14.95369
C2 | 9.96513 | 51.02554 | 15.6566
N3 | 10.1133 | 50.72359 | 16.95604
C4 | 8.90998 | 50.54352 | 17.55015
