43
U_U_5-G_U_4-3ts0.pdb
P | -12.87013 | -53.33672 | -6.15035
OP1 | -13.72347 | -54.13254 | -7.07077
OP2 | -13.01829 | -53.49041 | -4.67079
O5' | -11.33227 | -53.69297 | -6.46176
C5' | -10.64628 | -53.20539 | -7.62131
C4' | -9.14018 | -53.14257 | -7.42527
O4' | -8.76019 | -52.24363 | -6.35035
C3' | -8.45477 | -54.4566 | -7.08129
O3' | -8.32229 | -55.28739 | -8.22737
C2' | -7.13344 | -53.93942 | -6.52106
O2' | -6.22389 | -53.51993 | -7.5177
C1' | -7.60879 | -52.74608 | -5.69887
N9 | -7.92542 | -53.05862 | -4.29807
C8 | -9.1625 | -53.06482 | -3.69087
N7 | -9.14908 | -53.37287 | -2.42191
C5 | -7.80865 | -53.58787 | -2.16362
C6 | -7.16572 | -53.91758 | -0.9455
O6 | -7.69564 | -54.07443 | 0.1645
N1 | -5.78144 | -54.03565 | -1.07665
C2 | -5.10628 | -53.83819 | -2.25915
N2 | -3.77696 | -54.00763 | -2.22709
N3 | -5.69132 | -53.48409 | -3.40081
C4 | -7.04262 | -53.38764 | -3.29061
P | -8.40386 | -56.89444 | -8.10631
OP1 | -8.51197 | -57.40384 | -9.50403
OP2 | -9.40828 | -57.33612 | -7.10254
O5' | -6.95729 | -57.28905 | -7.53333
C5' | -5.77371 | -56.91878 | -8.29082
C4' | -4.50844 | -57.02786 | -7.46525
O4' | -4.63863 | -56.16886 | -6.31908
C3' | -4.26847 | -58.40453 | -6.86553
O3' | -3.69385 | -59.31584 | -7.81228
C2' | -3.44102 | -58.08788 | -5.61282
O2' | -2.03645 | -57.89277 | -5.72551
C1' | -4.05657 | -56.77775 | -5.18579
N1 | -4.99229 | -56.91095 | -4.03202
C2 | -4.44737 | -57.15876 | -2.77261
O2 | -3.24764 | -57.29059 | -2.54006
N3 | -5.38185 | -57.26428 | -1.76575
C4 | -6.7573 | -57.17839 | -1.87596
O4 | -7.41976 | -57.29832 | -0.8534
C5 | -7.26286 | -56.92374 | -3.20505
C6 | -6.37459 | -56.80306 | -4.21165
