28
U_U_8-ASN_A_48-3ts0.pdb
N | -2.55984 | -0.20858 | 11.08131
CA | -2.24234 | 0.80599 | 10.09114
C | -3.4881 | 0.89109 | 9.23357
O | -3.80771 | -0.07334 | 8.51442
CB | -1.02407 | 0.3972 | 9.27502
CG | -0.53406 | 1.4728 | 8.34474
OD1 | -1.18051 | 1.81416 | 7.36103
ND2 | 0.64878 | 1.98804 | 8.59786
P | -6.83174 | -2.59513 | -2.31742
OP1 | -7.3278 | -2.11048 | -3.63992
OP2 | -7.25237 | -3.94194 | -1.8309
O5' | -5.2192 | -2.57761 | -2.33133
C5' | -4.43919 | -2.05879 | -1.23794
C4' | -3.45853 | -3.13131 | -0.82259
O4' | -2.10791 | -2.72414 | -1.12681
C3' | -3.48688 | -3.51638 | 0.64085
O3' | -3.18771 | -4.92693 | 0.72141
C2' | -2.39259 | -2.6346 | 1.23161
O2' | -1.73399 | -3.18488 | 2.34948
C1' | -1.40618 | -2.50327 | 0.07162
N1 | -0.66223 | -1.19409 | -0.00095
C2 | 0.73001 | -1.23355 | 0.0099
O2 | 1.39248 | -2.26986 | 0.03815
N3 | 1.3373 | 1e-05 | 1e-05
C4 | 0.70372 | 1.22867 | 0.0
O4 | 1.39322 | 2.24588 | -0.00743
C5 | -0.74431 | 1.19112 | 0.00364
C6 | -1.36447 | 0.00788 | -0.01257
