40
U_U_14-U_U_14-3ts0.pdb
P | -3.88552 | -1.79072 | -53.02069
P | -3.88552 | -1.79072 | -53.02069
OP1 | -3.32409 | -0.60875 | -52.31657
OP1 | -3.32409 | -0.60875 | -52.31657
OP2 | -3.33022 | -2.08889 | -54.3512
OP2 | -3.33022 | -2.08889 | -54.3512
O5' | -3.76825 | -3.11128 | -52.12973
O5' | -3.76825 | -3.11128 | -52.12973
C5' | -3.50019 | -4.43045 | -52.63474
C5' | -3.50019 | -4.43045 | -52.63474
C4' | -2.30754 | -5.02606 | -51.88965
C4' | -2.30754 | -5.02606 | -51.88965
O4' | -1.1367 | -4.15877 | -51.97983
O4' | -1.1367 | -4.15877 | -51.97983
C3' | -2.47501 | -5.31574 | -50.39627
C3' | -2.47501 | -5.31574 | -50.39627
O3' | -1.76221 | -6.52072 | -50.12471
O3' | -1.76221 | -6.52072 | -50.12471
C2' | -1.80963 | -4.1118 | -49.72888
C2' | -1.80963 | -4.1118 | -49.72888
O2' | -1.39032 | -4.40849 | -48.42022
O2' | -1.39032 | -4.40849 | -48.42022
C1' | -0.64021 | -3.87825 | -50.68814
C1' | -0.64021 | -3.87825 | -50.68814
N1 | 0.12297 | -2.57122 | -50.70064
N1 | 0.12297 | -2.57122 | -50.70064
C2 | 1.52036 | -2.6036 | -50.73962
C2 | 1.52036 | -2.6036 | -50.73962
O2 | 2.19451 | -3.62938 | -50.74012
O2 | 2.19451 | -3.62938 | -50.74012
N3 | 2.14138 | -1.37449 | -50.74557
N3 | 2.14138 | -1.37449 | -50.74557
C4 | 1.52912 | -0.14222 | -50.74557
C4 | 1.52912 | -0.14222 | -50.74557
O4 | 2.23215 | 0.86588 | -50.78988
O4 | 2.23215 | 0.86588 | -50.78988
C5 | 0.08617 | -0.18586 | -50.77902
C5 | 0.08617 | -0.18586 | -50.77902
C6 | -0.55168 | -1.36953 | -50.76301
C6 | -0.55168 | -1.36953 | -50.76301
