40
U_U_5-C_U_17-3ts0.pdb
P | 6.75301 | -54.2639 | -28.20357
OP1 | 5.98212 | -55.45562 | -27.74495
OP2 | 8.20309 | -54.41697 | -28.49569
O5' | 6.06003 | -53.69314 | -29.53422
C5' | 4.63912 | -53.38923 | -29.51458
C4' | 4.22006 | -52.53539 | -30.69345
O4' | 4.97755 | -51.31321 | -30.66098
C3' | 4.55153 | -53.13547 | -32.05084
O3' | 3.58982 | -54.11818 | -32.45878
C2' | 4.70061 | -51.89499 | -32.94145
O2' | 3.54336 | -51.28117 | -33.49604
C1' | 5.32177 | -50.91885 | -31.97241
N1 | 6.78772 | -50.73395 | -32.17562
C2 | 7.20793 | -50.01578 | -33.29459
O2 | 6.45885 | -49.5314 | -34.1402
N3 | 8.57577 | -49.89105 | -33.4024
C4 | 9.54135 | -50.40839 | -32.55894
O4 | 10.71406 | -50.18281 | -32.82861
C5 | 9.04573 | -51.14511 | -31.41941
C6 | 7.71175 | -51.27591 | -31.27723
P | 6.28552 | -40.00489 | -35.1365
OP1 | 5.49008 | -38.81249 | -35.50806
OP2 | 7.76942 | -39.89647 | -35.07888
O5' | 5.85036 | -40.57425 | -33.69953
C5' | 4.47933 | -40.82717 | -33.45157
C4' | 4.28461 | -41.97953 | -32.4933
O4' | 5.24361 | -43.02925 | -32.73166
C3' | 4.5641 | -41.63367 | -31.05716
O3' | 3.5174 | -40.8839 | -30.54994
C2' | 4.72871 | -43.01531 | -30.44256
O2' | 3.56507 | -43.79214 | -30.26914
C1' | 5.59572 | -43.64973 | -31.50674
N1 | 7.08728 | -43.55593 | -31.25517
C2 | 7.65843 | -44.26666 | -30.18554
O2 | 6.91898 | -44.92351 | -29.43216
N3 | 9.02415 | -44.21448 | -30.01354
C4 | 9.79425 | -43.51162 | -30.857
N4 | 11.10951 | -43.51339 | -30.66324
C5 | 9.2276 | -42.78116 | -31.94968
C6 | 7.89349 | -42.83317 | -32.10651
