40
U_U_14-U_U_13-3ts0.pdb
P | -5.97556 | 11.86794 | -49.88068
OP1 | -6.04579 | 10.79098 | -50.91418
OP2 | -6.91147 | 11.87264 | -48.71366
O5' | -4.50716 | 11.89891 | -49.28977
C5' | -3.37587 | 11.91747 | -50.11114
C4' | -2.26337 | 12.51223 | -49.28942
O4' | -2.56471 | 13.90234 | -49.18286
C3' | -2.08499 | 12.00534 | -47.85838
O3' | -0.72136 | 11.6301 | -47.61262
C2' | -2.56032 | 13.15972 | -46.97462
O2' | -1.86497 | 13.17784 | -45.72997
C1' | -2.23086 | 14.33913 | -47.89354
N1 | -2.89575 | 15.68535 | -47.73142
C2 | -2.10029 | 16.75684 | -47.30612
O2 | -0.92979 | 16.66247 | -46.95813
N3 | -2.74203 | 17.98182 | -47.29139
C4 | -4.05534 | 18.25154 | -47.68008
O4 | -4.47717 | 19.40504 | -47.55835
C5 | -4.79804 | 17.10265 | -48.18719
C6 | -4.20155 | 15.89385 | -48.20569
P | -0.05658 | 10.23935 | -48.06126
OP1 | 1.27842 | 10.15875 | -47.41373
OP2 | -0.08306 | 10.13327 | -49.52945
O5' | -1.05965 | 9.14623 | -47.46933
C5' | -2.05627 | 8.43954 | -48.22725
C4' | -1.88095 | 6.93685 | -48.01866
O4' | -0.5285 | 6.50641 | -48.36038
C3' | -2.13422 | 6.37963 | -46.61598
O3' | -2.75491 | 5.10632 | -46.78101
C2' | -0.7271 | 6.24278 | -46.03382
O2' | -0.68262 | 5.29235 | -44.99885
C1' | 0.04318 | 5.79975 | -47.27988
N1 | 1.55283 | 5.88498 | -47.34779
C2 | 2.27032 | 4.79606 | -47.85247
O2 | 1.76544 | 3.74321 | -48.23106
N3 | 3.63862 | 4.94926 | -47.87888
C4 | 4.35072 | 6.06065 | -47.49019
O4 | 5.57437 | 6.04994 | -47.6128
C5 | 3.54085 | 7.17188 | -47.0493
C6 | 2.20242 | 7.05157 | -47.0011
