40
U_U_12-U_U_11-3ts0.pdb
P | -1.68461 | 35.54364 | -21.36316
OP1 | -3.04734 | 35.07744 | -20.97511
OP2 | -1.14203 | 36.84086 | -20.89156
O5' | -0.6837 | 34.37899 | -20.92667
C5' | -0.76579 | 32.99416 | -21.26138
C4' | 0.57032 | 32.34247 | -20.92788
O4' | 1.61168 | 33.03606 | -21.67289
C3' | 1.00795 | 32.37354 | -19.45781
O3' | 1.5893 | 31.14299 | -19.08586
C2' | 2.01201 | 33.52824 | -19.42869
O2' | 3.00553 | 33.46947 | -18.4379
C1' | 2.64832 | 33.40894 | -20.79718
N1 | 3.30306 | 34.653 | -21.24086
C2 | 4.68748 | 34.67815 | -21.35184
O2 | 5.40148 | 33.70352 | -21.16256
N3 | 5.21382 | 35.90073 | -21.6873
C4 | 4.50768 | 37.06272 | -21.98303
O4 | 5.09486 | 38.09571 | -22.33828
C5 | 3.08317 | 36.96828 | -21.7922
C6 | 2.54159 | 35.79502 | -21.44768
P | 0.67164 | 29.95797 | -18.50828
OP1 | -0.64927 | 29.94968 | -19.2021
OP2 | 0.71108 | 30.04363 | -17.02936
O5' | 1.4444 | 28.60937 | -18.87123
C5' | 1.37301 | 28.02279 | -20.14926
C4' | 2.71115 | 27.40213 | -20.45698
O4' | 3.72537 | 28.4011 | -20.30687
C3' | 3.1488 | 26.26576 | -19.55555
O3' | 3.49437 | 25.16242 | -20.3725
C2' | 4.29519 | 26.85406 | -18.7269
O2' | 5.27792 | 25.9165 | -18.32694
C1' | 4.86731 | 27.83417 | -19.72223
N1 | 5.6825 | 28.96653 | -19.20037
C2 | 7.07233 | 28.87507 | -19.15131
O2 | 7.70823 | 27.86042 | -19.42357
N3 | 7.6953 | 30.03688 | -18.71328
C4 | 7.08678 | 31.26588 | -18.41756
O4 | 7.7489 | 32.25628 | -18.06733
C5 | 5.64651 | 31.26877 | -18.51907
C6 | 5.0212 | 30.15467 | -18.899
