42
U_U_11-A_U_10-3ts0.pdb
P | -9.24733 | 9.56062 | -27.3336
OP1 | -9.38815 | 8.95177 | -25.98812
OP2 | -10.13775 | 10.63271 | -27.86154
O5' | -7.76583 | 10.14249 | -27.50307
C5' | -6.55514 | 9.45983 | -27.17988
C4' | -5.39122 | 10.04673 | -27.96224
O4' | -5.46923 | 9.61988 | -29.34186
C3' | -5.25146 | 11.56459 | -28.00429
O3' | -3.87476 | 11.85351 | -27.90745
C2' | -5.8034 | 11.96123 | -29.37427
O2' | -5.18973 | 13.11816 | -29.90049
C1' | -5.47465 | 10.73279 | -30.21266
N9 | -6.42103 | 10.43545 | -31.27575
C8 | -7.69532 | 9.94229 | -31.14305
N7 | -8.32207 | 9.76739 | -32.28783
C5 | -7.35988 | 10.09404 | -33.22455
C6 | -7.36616 | 10.09023 | -34.63368
N6 | -8.42292 | 9.70593 | -35.36414
N1 | -6.25245 | 10.49668 | -35.27513
C2 | -5.20149 | 10.90334 | -34.56507
N3 | -5.06282 | 10.91915 | -33.24642
C4 | -6.18178 | 10.50026 | -32.62524
P | -3.20516 | 12.78034 | -26.79294
OP1 | -4.12635 | 13.05817 | -25.65312
OP2 | -2.56635 | 13.87557 | -27.56233
O5' | -2.06374 | 11.82837 | -26.21012
C5' | -2.23569 | 10.60269 | -25.49972
C4' | -0.8933 | 9.88347 | -25.45684
O4' | -0.44574 | 9.67649 | -26.82702
C3' | 0.25552 | 10.60398 | -24.73944
O3' | 1.01143 | 9.69314 | -23.97162
C2' | 1.05746 | 11.19913 | -25.89919
O2' | 2.42686 | 11.41033 | -25.67041
C1' | 0.8756 | 10.14046 | -26.96597
N1 | 1.12627 | 10.64374 | -28.32872
C2 | 2.23683 | 10.17764 | -29.02082
O2 | 2.99405 | 9.31933 | -28.5902
N3 | 2.43752 | 10.76478 | -30.24527
C4 | 1.62026 | 11.70422 | -30.86644
O4 | 1.8722 | 12.11624 | -32.00873
C5 | 0.52195 | 12.17452 | -30.06203
C6 | 0.31051 | 11.63496 | -28.85675
