40
U_U_19-C_U_18-3ts0.pdb
P | 1.56937 | 12.75627 | -65.54714
OP1 | 0.27807 | 12.90357 | -64.81821
OP2 | 2.7068 | 13.63772 | -65.19406
O5' | 2.04993 | 11.23474 | -65.44908
C5' | 1.32027 | 10.22098 | -66.15299
C4' | 2.19689 | 9.01765 | -66.39321
O4' | 3.3564 | 9.39027 | -67.15984
C3' | 2.81824 | 8.54021 | -65.11217
O3' | 1.84493 | 7.82144 | -64.38227
C2' | 4.08068 | 7.80072 | -65.56269
O2' | 3.85712 | 6.49778 | -66.06647
C1' | 4.50946 | 8.70672 | -66.69867
N1 | 5.65145 | 9.67193 | -66.47493
C2 | 6.9925 | 9.22682 | -66.40713
O2 | 7.24001 | 8.0142 | -66.46657
N3 | 8.00451 | 10.15319 | -66.30837
C4 | 7.73257 | 11.47029 | -66.30022
N4 | 8.73927 | 12.35384 | -66.20705
C5 | 6.3792 | 11.93928 | -66.35763
C6 | 5.39706 | 11.0237 | -66.45911
P | 2.04146 | 7.68591 | -62.81496
OP1 | 0.88204 | 6.98204 | -62.22627
OP2 | 2.48521 | 8.98742 | -62.23363
O5' | 3.24031 | 6.63782 | -62.91276
C5' | 4.07795 | 6.64977 | -61.83522
C4' | 5.31794 | 5.82139 | -62.02159
O4' | 6.11591 | 6.36964 | -63.10156
C3' | 6.09317 | 6.1019 | -60.75811
O3' | 5.7914 | 5.13627 | -59.77858
C2' | 7.53727 | 6.22508 | -61.20607
O2' | 8.25171 | 5.00767 | -61.21191
C1' | 7.38403 | 6.77946 | -62.61768
N1 | 7.64634 | 8.28176 | -62.72213
C2 | 8.96831 | 8.71371 | -62.79681
O2 | 9.92574 | 7.96416 | -62.80988
N3 | 9.1551 | 10.08276 | -62.86171
C4 | 8.18415 | 11.07158 | -62.86986
O4 | 8.52711 | 12.2555 | -62.95741
C5 | 6.83243 | 10.55727 | -62.76721
C6 | 6.61647 | 9.2234 | -62.69536
