31
U_U_12-PHE_A_55-3ts0.pdb
N | -1.21341 | -0.91083 | -7.95779
CA | -0.50947 | 0.32347 | -8.32386
C | 0.91715 | 0.07113 | -8.70551
O | 1.56248 | -0.82835 | -8.16979
CB | -0.55569 | 1.34241 | -7.1624
CG | -1.85635 | 2.09375 | -7.09166
CD1 | -2.95467 | 1.55423 | -6.4364
CD2 | -1.99672 | 3.32602 | -7.70788
CE1 | -4.1822 | 2.22612 | -6.42133
CE2 | -3.22474 | 3.99486 | -7.69211
CZ | -4.31106 | 3.43707 | -7.05616
P | -5.64338 | -0.16167 | 0.82586
OP1 | -7.01255 | -0.38795 | 0.27777
OP2 | -5.493 | 0.32968 | 2.21585
O5' | -4.84343 | -1.5421 | 0.77994
C5' | -4.98834 | -2.46 | -0.27789
C4' | -3.65249 | -3.11421 | -0.51883
O4' | -2.6739 | -2.09227 | -0.73589
C3' | -3.09738 | -3.94849 | 0.61751
O3' | -2.76879 | -5.22722 | 0.10658
C2' | -1.91668 | -3.13119 | 1.15133
O2' | -0.86618 | -3.90179 | 1.70574
C1' | -1.46655 | -2.45251 | -0.11966
N1 | -0.66313 | -1.2038 | 0.00018
C2 | 0.72897 | -1.24997 | -0.04811
O2 | 1.38517 | -2.28723 | -0.08659
N3 | 1.33314 | 0.0 | 0.0
C4 | 0.69675 | 1.25028 | 0.0
O4 | 1.34054 | 2.31209 | 0.00748
C5 | -0.74582 | 1.19582 | 0.02662
C6 | -1.34988 | 0.00769 | 0.02133
