43
U_U_5-G_U_3-3ts0.pdb
P | -25.99544 | -45.45986 | -18.2857
OP1 | -26.88865 | -45.50555 | -19.46467
OP2 | -26.3712 | -46.21931 | -17.06428
O5' | -24.55046 | -46.02282 | -18.68313
C5' | -23.80434 | -45.43324 | -19.73998
C4' | -22.33994 | -45.82605 | -19.68237
O4' | -21.67149 | -45.2774 | -18.50338
C3' | -21.97184 | -47.31308 | -19.65516
O3' | -22.19776 | -48.04928 | -20.86389
C2' | -20.4913 | -47.14258 | -19.34923
O2' | -19.7475 | -46.70509 | -20.48245
C1' | -20.55134 | -46.10528 | -18.21379
N9 | -20.71672 | -46.75541 | -16.90274
C8 | -21.84828 | -46.84805 | -16.11207
N7 | -21.68628 | -47.5414 | -15.01135
C5 | -20.37233 | -47.98411 | -15.10082
C6 | -19.60554 | -48.7927 | -14.21481
O6 | -19.97137 | -49.26014 | -13.12392
N1 | -18.29716 | -49.01659 | -14.67827
C2 | -17.78656 | -48.49842 | -15.8544
N2 | -16.50947 | -48.75285 | -16.15627
N3 | -18.48508 | -47.72527 | -16.67738
C4 | -19.76719 | -47.51986 | -16.25704
P | -18.79229 | -54.08019 | -22.34706
OP1 | -18.60719 | -54.3306 | -23.80577
OP2 | -20.12767 | -54.32711 | -21.741
O5' | -17.73343 | -54.97714 | -21.54028
C5' | -16.3248 | -54.88706 | -21.8858
C4' | -15.43444 | -55.49486 | -20.82174
O4' | -15.67422 | -54.80685 | -19.58169
C3' | -15.74532 | -56.94823 | -20.5
O3' | -15.16948 | -57.85022 | -21.45491
C2' | -15.27525 | -57.08039 | -19.04542
O2' | -13.89992 | -57.31346 | -18.76663
C1' | -15.63193 | -55.71772 | -18.50355
N1 | -16.86951 | -55.7165 | -17.67113
C2 | -16.80615 | -56.29379 | -16.40339
O2 | -15.80572 | -56.8198 | -15.92043
N3 | -17.99183 | -56.24633 | -15.70333
C4 | -19.20203 | -55.72658 | -16.12367
O4 | -20.1459 | -55.77864 | -15.34568
C5 | -19.20671 | -55.14522 | -17.44614
C6 | -18.05972 | -55.16423 | -18.15386
