40
U_U_12-U_U_12-3ts0.pdb
P | -4.99741 | 28.40197 | -29.98663
P | -4.99741 | 28.40197 | -29.98663
OP1 | -6.36658 | 28.1757 | -30.53472
OP1 | -6.36658 | 28.1757 | -30.53472
OP2 | -4.84703 | 28.89332 | -28.59664
OP2 | -4.84703 | 28.89332 | -28.59664
O5' | -4.19746 | 27.02154 | -30.03255
O5' | -4.19746 | 27.02154 | -30.03255
C5' | -4.34236 | 26.10364 | -31.09038
C5' | -4.34236 | 26.10364 | -31.09038
C4' | -3.00652 | 25.44943 | -31.33132
C4' | -3.00652 | 25.44943 | -31.33132
O4' | -2.02793 | 26.47137 | -31.54838
O4' | -2.02793 | 26.47137 | -31.54838
C3' | -2.45141 | 24.61515 | -30.19498
C3' | -2.45141 | 24.61515 | -30.19498
O3' | -2.12282 | 23.33642 | -30.70591
O3' | -2.12282 | 23.33642 | -30.70591
C2' | -1.27071 | 25.43245 | -29.66117
C2' | -1.27071 | 25.43245 | -29.66117
O2' | -0.22021 | 24.66186 | -29.10675
O2' | -0.22021 | 24.66186 | -29.10675
C1' | -0.82058 | 26.11113 | -30.93215
C1' | -0.82058 | 26.11113 | -30.93215
N1 | -0.01715 | 27.35984 | -30.81231
N1 | -0.01715 | 27.35984 | -30.81231
C2 | 1.37494 | 27.31368 | -30.8606
C2 | 1.37494 | 27.31368 | -30.8606
O2 | 2.03114 | 26.27641 | -30.89908
O2 | 2.03114 | 26.27641 | -30.89908
N3 | 1.97911 | 28.56365 | -30.81249
N3 | 1.97911 | 28.56365 | -30.81249
C4 | 1.34272 | 29.81392 | -30.81249
C4 | 1.34272 | 29.81392 | -30.81249
O4 | 1.98651 | 30.87573 | -30.80501
O4 | 1.98651 | 30.87573 | -30.80501
C5 | -0.09984 | 29.75946 | -30.78587
C5 | -0.09984 | 29.75946 | -30.78587
C6 | -0.70391 | 28.57133 | -30.79116
C6 | -0.70391 | 28.57133 | -30.79116
