40
U_U_8-U_U_8-3ts0.pdb
P | -16.57954 | -44.76947 | 17.31271
P | -16.57954 | -44.76947 | 17.31271
OP1 | -17.07561 | -44.28483 | 15.99021
OP1 | -17.07561 | -44.28483 | 15.99021
OP2 | -17.00017 | -46.11628 | 17.79924
OP2 | -17.00017 | -46.11628 | 17.79924
O5' | -14.967 | -44.75196 | 17.2988
O5' | -14.967 | -44.75196 | 17.2988
C5' | -14.18699 | -44.23314 | 18.39219
C5' | -14.18699 | -44.23314 | 18.39219
C4' | -13.20634 | -45.30566 | 18.80755
C4' | -13.20634 | -45.30566 | 18.80755
O4' | -11.85571 | -44.89849 | 18.50332
O4' | -11.85571 | -44.89849 | 18.50332
C3' | -13.23469 | -45.69072 | 20.27098
C3' | -13.23469 | -45.69072 | 20.27098
O3' | -12.93551 | -47.10127 | 20.35154
O3' | -12.93551 | -47.10127 | 20.35154
C2' | -12.1404 | -44.80895 | 20.86175
C2' | -12.1404 | -44.80895 | 20.86175
O2' | -11.4818 | -45.35923 | 21.97961
O2' | -11.4818 | -45.35923 | 21.97961
C1' | -11.15399 | -44.67762 | 19.70175
C1' | -11.15399 | -44.67762 | 19.70175
N1 | -10.41003 | -43.36844 | 19.62918
N1 | -10.41003 | -43.36844 | 19.62918
C2 | -9.01779 | -43.40789 | 19.64003
C2 | -9.01779 | -43.40789 | 19.64003
O2 | -8.35533 | -44.44421 | 19.66828
O2 | -8.35533 | -44.44421 | 19.66828
N3 | -8.4105 | -42.17434 | 19.63014
N3 | -8.4105 | -42.17434 | 19.63014
C4 | -9.04408 | -40.94568 | 19.63014
C4 | -9.04408 | -40.94568 | 19.63014
O4 | -8.35459 | -39.92846 | 19.6227
O4 | -8.35459 | -39.92846 | 19.6227
C5 | -10.49211 | -40.98323 | 19.63377
C5 | -10.49211 | -40.98323 | 19.63377
C6 | -11.11227 | -42.16647 | 19.61756
C6 | -11.11227 | -42.16647 | 19.61756
