28
U_U_14-ASN_A_48-3ts0.pdb
N | -3.79554 | -1.85251 | -7.56627
CA | -3.50182 | -2.51541 | -6.30734
C | -2.01929 | -2.2823 | -6.10158
O | -1.19914 | -2.81995 | -6.86824
CB | -3.83189 | -3.99908 | -6.39187
CG | -3.71332 | -4.71814 | -5.07608
OD1 | -2.6258 | -4.90668 | -4.5433
ND2 | -4.82242 | -5.19133 | -4.55201
P | -4.69357 | -0.41623 | -2.27511
OP1 | -4.13214 | 0.76574 | -1.571
OP2 | -4.13827 | -0.7144 | -3.60562
O5' | -4.5763 | -1.73679 | -1.38416
C5' | -4.30823 | -3.05596 | -1.88916
C4' | -3.11559 | -3.65157 | -1.14407
O4' | -1.94475 | -2.78428 | -1.23425
C3' | -3.28306 | -3.94125 | 0.34931
O3' | -2.57026 | -5.14623 | 0.62087
C2' | -2.61767 | -2.73731 | 1.0167
O2' | -2.19837 | -3.034 | 2.32536
C1' | -1.44826 | -2.50376 | 0.05744
N1 | -0.68508 | -1.19673 | 0.04494
C2 | 0.71231 | -1.22911 | 0.00596
O2 | 1.38646 | -2.25489 | 0.00546
N3 | 1.33333 | 0.0 | 0.0
C4 | 0.72107 | 1.23228 | 0.0
O4 | 1.42411 | 2.24037 | -0.0443
C5 | -0.72188 | 1.18863 | -0.03344
C6 | -1.35973 | 0.00496 | -0.01743
