29
U_U_11-LYS_A_45-3ts0.pdb
N | 7.20705 | -4.47081 | -5.19476
CA | 6.92987 | -4.88515 | -3.81712
C | 6.06099 | -6.13065 | -3.86143
O | 6.40167 | -7.15134 | -3.28043
CB | 6.25793 | -3.7475 | -3.03873
CG | 6.14815 | -3.98787 | -1.54748
CD | 5.25774 | -2.95862 | -0.90768
CE | 5.37907 | -3.04921 | 0.56825
NZ | 4.22187 | -2.41159 | 1.24272
P | -5.58206 | 0.00576 | -0.22161
OP1 | -6.98982 | -0.46238 | -0.06659
OP2 | -5.02201 | 1.08369 | 0.62926
O5' | -4.66969 | -1.29542 | -0.06914
C5' | -4.78555 | -2.52462 | -0.78482
C4' | -3.50902 | -3.32679 | -0.56552
O4' | -2.38369 | -2.5211 | -1.01835
C3' | -3.18619 | -3.73323 | 0.87815
O3' | -2.68955 | -5.05302 | 0.92402
C2' | -2.13825 | -2.69828 | 1.29407
O2' | -1.22834 | -3.09299 | 2.28829
C1' | -1.40314 | -2.47282 | -0.01003
N1 | -0.66244 | -1.19868 | -0.04348
C2 | 0.7262 | -1.23165 | -0.05608
O2 | 1.3803 | -2.26379 | -0.10473
N3 | 1.32965 | 0.0 | 0.0
C4 | 0.6998 | 1.24081 | 0.0
O4 | 1.35716 | 2.29237 | -0.01245
C5 | -0.73799 | 1.18774 | 0.06703
C6 | -1.35518 | 0.0018 | 0.03255
