42
U_U_14-A_U_15-3ts0.pdb
P | -2.33573 | -1.05989 | -56.48399
OP1 | -2.62965 | 0.17174 | -55.70636
OP2 | -1.62279 | -0.87825 | -57.75923
O5' | -1.52233 | -2.12163 | -55.61075
C5' | -0.49374 | -2.9923 | -56.11179
C4' | 0.76656 | -2.82813 | -55.26503
O4' | 1.20245 | -1.43547 | -55.22411
C3' | 0.70152 | -3.26869 | -53.80085
O3' | 1.96772 | -3.84305 | -53.48357
C2' | 0.48073 | -1.95572 | -53.04919
O2' | 0.90432 | -2.0446 | -51.71162
C1' | 1.34855 | -1.01208 | -53.88506
N1 | 1.1917 | 0.49086 | -53.79843
C2 | 2.33741 | 1.28658 | -53.70129
O2 | 3.4852 | 0.85397 | -53.65515
N3 | 2.11177 | 2.64285 | -53.6235
C4 | 0.8919 | 3.2784 | -53.66023
O4 | 0.8653 | 4.50717 | -53.61673
C5 | -0.24066 | 2.3999 | -53.83531
C6 | -0.05607 | 1.06971 | -53.90388
P | 2.22754 | -5.13057 | -52.57642
OP1 | 2.78613 | -6.22063 | -53.40118
OP2 | 1.01666 | -5.37014 | -51.75189
O5' | 3.42885 | -4.64371 | -51.64395
C5' | 3.33059 | -3.65904 | -50.62075
C4' | 4.66 | -2.93201 | -50.54567
O4' | 4.67361 | -1.78036 | -51.43796
C3' | 5.04117 | -2.34333 | -49.19655
O3' | 5.4858 | -3.3412 | -48.29507
C2' | 6.11268 | -1.34398 | -49.63553
O2' | 7.33194 | -1.94401 | -50.06156
C1' | 5.40527 | -0.72463 | -50.83411
N9 | 4.50913 | 0.41517 | -50.60407
C8 | 3.13327 | 0.4037 | -50.58471
N7 | 2.57058 | 1.58734 | -50.47165
C5 | 3.65556 | 2.44675 | -50.43492
C6 | 3.75443 | 3.85547 | -50.33789
N6 | 2.69065 | 4.65961 | -50.2637
N1 | 4.99248 | 4.40733 | -50.31975
C2 | 6.06834 | 3.60791 | -50.44615
N3 | 6.10041 | 2.27478 | -50.57091
C4 | 4.85781 | 1.74521 | -50.53418
