31
U_U_14-ARG_A_50-3ts0.pdb
N | 0.18722 | -3.1007 | -3.62595
CA | 0.93182 | -4.28421 | -3.2123
C | 1.20375 | -5.19313 | -4.39951
O | 2.36202 | -5.55681 | -4.60858
CB | 0.1816 | -5.06414 | -2.13145
CG | 1.09308 | -5.64966 | -1.08554
CD | 0.48265 | -6.87324 | -0.45473
NE | 1.53035 | -7.84416 | -0.15773
CZ | 1.31602 | -9.12923 | 0.09043
NH1 | 2.33703 | -9.94546 | 0.32331
NH2 | 0.07533 | -9.61203 | 0.10825
P | -4.69357 | -0.41623 | -2.27511
OP1 | -4.13214 | 0.76574 | -1.571
OP2 | -4.13827 | -0.7144 | -3.60562
O5' | -4.5763 | -1.73679 | -1.38416
C5' | -4.30823 | -3.05596 | -1.88916
C4' | -3.11559 | -3.65157 | -1.14407
O4' | -1.94475 | -2.78428 | -1.23425
C3' | -3.28306 | -3.94125 | 0.34931
O3' | -2.57026 | -5.14623 | 0.62087
C2' | -2.61767 | -2.73731 | 1.0167
O2' | -2.19837 | -3.034 | 2.32536
C1' | -1.44826 | -2.50376 | 0.05744
N1 | -0.68508 | -1.19673 | 0.04494
C2 | 0.71231 | -1.22911 | 0.00596
O2 | 1.38646 | -2.25489 | 0.00546
N3 | 1.33333 | 0.0 | 0.0
C4 | 0.72107 | 1.23228 | 0.0
O4 | 1.42411 | 2.24037 | -0.0443
C5 | -0.72188 | 1.18863 | -0.03344
C6 | -1.35973 | 0.00496 | -0.01743
