40
U_U_13-U_U_13-3ts0.pdb
P | -15.44758 | 7.42542 | -46.53786
P | -15.44758 | 7.42542 | -46.53786
OP1 | -16.66039 | 6.97639 | -47.28642
OP1 | -16.66039 | 6.97639 | -47.28642
OP2 | -15.56415 | 7.98995 | -45.15742
OP2 | -15.56415 | 7.98995 | -45.15742
O5' | -14.43515 | 6.21138 | -46.45177
O5' | -14.43515 | 6.21138 | -46.45177
C5' | -14.08086 | 5.45817 | -47.57515
C5' | -14.08086 | 5.45817 | -47.57515
C4' | -12.74812 | 4.83097 | -47.26366
C4' | -12.74812 | 4.83097 | -47.26366
O4' | -11.79979 | 5.89498 | -47.31958
O4' | -11.79979 | 5.89498 | -47.31958
C3' | -12.57146 | 4.17607 | -45.89379
C3' | -12.57146 | 4.17607 | -45.89379
O3' | -12.04403 | 2.84732 | -46.02389
O3' | -12.04403 | 2.84732 | -46.02389
C2' | -11.64292 | 5.12002 | -45.12808
C2' | -11.64292 | 5.12002 | -45.12808
O2' | -10.84218 | 4.40714 | -44.18808
O2' | -10.84218 | 4.40714 | -44.18808
C1' | -10.85555 | 5.71222 | -46.29996
C1' | -10.85555 | 5.71222 | -46.29996
N1 | -10.11926 | 7.02551 | -46.18243
N1 | -10.11926 | 7.02551 | -46.18243
C2 | -8.71974 | 6.99299 | -46.22706
C2 | -8.71974 | 6.99299 | -46.22706
O2 | -8.04549 | 5.97082 | -46.25182
O2 | -8.04549 | 5.97082 | -46.25182
N3 | -8.11346 | 8.23598 | -46.23246
N3 | -8.11346 | 8.23598 | -46.23246
C4 | -8.74258 | 9.48211 | -46.23246
C4 | -8.74258 | 9.48211 | -46.23246
O4 | -8.03747 | 10.49437 | -46.19404
O4 | -8.03747 | 10.49437 | -46.19404
C5 | -10.20053 | 9.43828 | -46.26674
C5 | -10.20053 | 9.43828 | -46.26674
C6 | -10.81998 | 8.24102 | -46.2536
C6 | -10.81998 | 8.24102 | -46.2536
