43
U_U_8-G_U_7-3ts0.pdb
P | -14.45141 | -35.34093 | -20.85564
OP1 | -14.03334 | -33.94204 | -21.16017
OP2 | -15.66429 | -35.90565 | -21.50214
O5' | -13.23052 | -36.32915 | -21.1632
C5' | -11.97334 | -36.30323 | -20.47658
C4' | -11.45186 | -37.70961 | -20.23836
O4' | -12.33982 | -38.39998 | -19.33074
C3' | -11.44633 | -38.53906 | -21.50211
O3' | -10.13551 | -38.71889 | -21.91891
C2' | -12.22449 | -39.82155 | -21.21022
O2' | -11.57849 | -41.04567 | -21.52645
C1' | -12.48635 | -39.74476 | -19.72308
N9 | -13.80767 | -40.21948 | -19.31145
C8 | -15.04219 | -39.91567 | -19.84624
N7 | -16.04616 | -40.46469 | -19.21137
C5 | -15.43704 | -41.20385 | -18.20359
C6 | -15.9977 | -42.01613 | -17.18884
O6 | -17.18565 | -42.26773 | -16.97727
N1 | -15.02034 | -42.55267 | -16.35047
C2 | -13.65624 | -42.3678 | -16.48516
N2 | -12.84664 | -42.94537 | -15.58646
N3 | -13.12308 | -41.60996 | -17.42709
C4 | -14.06215 | -41.06329 | -18.254
P | -9.75999 | -38.77542 | -23.4987
OP1 | -10.01738 | -37.43791 | -24.11087
OP2 | -10.31004 | -39.99614 | -24.15811
O5' | -8.16666 | -38.98535 | -23.36452
C5' | -7.54977 | -39.50271 | -22.17084
C4' | -6.69473 | -40.68362 | -22.56943
O4' | -5.29672 | -40.38026 | -22.37955
C3' | -6.97278 | -41.97512 | -21.83091
O3' | -6.75085 | -43.05898 | -22.75915
C2' | -5.95019 | -41.93172 | -20.70112
O2' | -5.50263 | -43.19483 | -20.26474
C1' | -4.78654 | -41.16798 | -21.33235
N1 | -3.9853 | -40.31049 | -20.38608
C2 | -2.61563 | -40.54585 | -20.29339
O2 | -2.01105 | -41.38411 | -20.96079
N3 | -1.96241 | -39.76546 | -19.36881
C4 | -2.53479 | -38.81696 | -18.5419
O4 | -1.81014 | -38.20108 | -17.7636
C5 | -3.9651 | -38.63747 | -18.68415
C6 | -4.62469 | -39.36259 | -19.59192
