43
U_U_19-G_U_2-3ts0.pdb
P | -1.37077 | 16.2014 | -67.36812
OP1 | -0.12681 | 16.41215 | -68.1451
OP2 | -2.56878 | 16.95799 | -67.78652
O5' | -1.73715 | 14.65397 | -67.36497
C5' | -0.75142 | 13.66177 | -67.14928
C4' | -1.40645 | 12.31831 | -66.94099
O4' | -2.31446 | 12.41085 | -65.81243
C3' | -2.31499 | 11.84705 | -68.06098
O3' | -1.6309 | 11.40355 | -69.20802
C2' | -3.1098 | 10.78788 | -67.31608
O2' | -2.39521 | 9.60247 | -67.03633
C1' | -3.42824 | 11.54925 | -66.02863
N9 | -4.69515 | 12.30339 | -66.12346
C8 | -4.85936 | 13.65988 | -66.32947
N7 | -6.09478 | 14.05295 | -66.41575
C5 | -6.81656 | 12.87332 | -66.28338
C6 | -8.22544 | 12.65929 | -66.31385
O6 | -9.11621 | 13.50379 | -66.53198
N1 | -8.55205 | 11.29631 | -66.20048
C2 | -7.62729 | 10.2814 | -66.05541
N2 | -8.11012 | 9.05692 | -65.89221
N3 | -6.31447 | 10.46466 | -66.00147
C4 | -5.97389 | 11.78376 | -66.119
P | -14.40537 | 5.28344 | -62.35077
OP1 | -14.84925 | 4.03203 | -61.70024
OP2 | -14.77897 | 6.59803 | -61.74989
O5' | -12.83323 | 5.16584 | -62.59542
C5' | -12.07379 | 5.69404 | -61.59186
C4' | -10.60906 | 5.77546 | -61.91812
O4' | -10.4051 | 6.67839 | -63.03472
C3' | -10.04288 | 6.48323 | -60.71208
O3' | -9.61162 | 5.54392 | -59.75569
C2' | -9.01128 | 7.44392 | -61.27254
O2' | -7.71387 | 6.90101 | -61.39304
C1' | -9.59791 | 7.7751 | -62.63988
N1 | -10.30041 | 9.13149 | -62.69749
C2 | -9.51607 | 10.27055 | -62.86219
O2 | -8.3069 | 10.2474 | -62.98885
N3 | -10.19494 | 11.47562 | -62.88019
C4 | -11.56037 | 11.68147 | -62.76265
O4 | -12.00623 | 12.83227 | -62.82459
C5 | -12.31633 | 10.45912 | -62.57139
C6 | -11.68109 | 9.26471 | -62.54244
