40
U_U_19-U_U_19-3ts0.pdb
P | 7.37345 | 10.12852 | -65.79303
P | 7.37345 | 10.12852 | -65.79303
OP1 | 6.01733 | 9.81912 | -65.29157
OP1 | 6.01733 | 9.81912 | -65.29157
OP2 | 8.17865 | 11.19521 | -65.12775
OP2 | 8.17865 | 11.19521 | -65.12775
O5' | 8.17433 | 8.75225 | -65.89188
O5' | 8.17433 | 8.75225 | -65.89188
C5' | 8.90787 | 8.45525 | -64.77986
C5' | 8.90787 | 8.45525 | -64.77986
C4' | 9.82347 | 7.27635 | -64.95416
C4' | 9.82347 | 7.27635 | -64.95416
O4' | 10.8161 | 7.57256 | -65.96935
O4' | 10.8161 | 7.57256 | -65.96935
C3' | 10.57388 | 7.24715 | -63.64569
C3' | 10.57388 | 7.24715 | -63.64569
O3' | 9.92146 | 6.39887 | -62.7304
O3' | 9.92146 | 6.39887 | -62.7304
C2' | 12.00388 | 6.9105 | -64.02387
C2' | 12.00388 | 6.9105 | -64.02387
O2' | 12.28719 | 5.52813 | -64.06053
O2' | 12.28719 | 5.52813 | -64.06053
C1' | 12.11866 | 7.53226 | -65.41084
C1' | 12.11866 | 7.53226 | -65.41084
N1 | 12.85644 | 8.87092 | -65.42747
N1 | 12.85644 | 8.87092 | -65.42747
C2 | 14.24907 | 8.85308 | -65.42283
C2 | 14.24907 | 8.85308 | -65.42283
O2 | 14.91311 | 7.83444 | -65.43244
O2 | 14.91311 | 7.83444 | -65.43244
N3 | 14.8703 | 10.08892 | -65.41003
N3 | 14.8703 | 10.08892 | -65.41003
C4 | 14.27178 | 11.33885 | -65.41003
C4 | 14.27178 | 11.33885 | -65.41003
O4 | 14.98224 | 12.34981 | -65.42247
O4 | 14.98224 | 12.34981 | -65.42247
C5 | 12.8229 | 11.28755 | -65.39224
C5 | 12.8229 | 11.28755 | -65.39224
C6 | 12.18504 | 10.09419 | -65.39758
C6 | 12.18504 | 10.09419 | -65.39758
