40
U_U_11-U_U_11-3ts0.pdb
P | 3.53157 | 33.67589 | -9.36305
P | 3.53157 | 33.67589 | -9.36305
OP1 | 2.12382 | 33.20775 | -9.20803
OP1 | 2.12382 | 33.20775 | -9.20803
OP2 | 4.09163 | 34.75382 | -8.51218
OP2 | 4.09163 | 34.75382 | -8.51218
O5' | 4.44395 | 32.3747 | -9.21058
O5' | 4.44395 | 32.3747 | -9.21058
C5' | 4.32809 | 31.14551 | -9.92626
C5' | 4.32809 | 31.14551 | -9.92626
C4' | 5.60462 | 30.34334 | -9.70696
C4' | 5.60462 | 30.34334 | -9.70696
O4' | 6.72995 | 31.14902 | -10.15979
O4' | 6.72995 | 31.14902 | -10.15979
C3' | 5.92745 | 29.93689 | -8.26329
C3' | 5.92745 | 29.93689 | -8.26329
O3' | 6.42409 | 28.61711 | -8.21742
O3' | 6.42409 | 28.61711 | -8.21742
C2' | 6.97539 | 30.97185 | -7.84737
C2' | 6.97539 | 30.97185 | -7.84737
O2' | 7.8853 | 30.57714 | -6.85315
O2' | 7.8853 | 30.57714 | -6.85315
C1' | 7.7105 | 31.1973 | -9.15147
C1' | 7.7105 | 31.1973 | -9.15147
N1 | 8.45119 | 32.47145 | -9.18492
N1 | 8.45119 | 32.47145 | -9.18492
C2 | 9.83983 | 32.43848 | -9.19752
C2 | 9.83983 | 32.43848 | -9.19752
O2 | 10.49394 | 31.40634 | -9.24618
O2 | 10.49394 | 31.40634 | -9.24618
N3 | 10.44329 | 33.67013 | -9.14144
N3 | 10.44329 | 33.67013 | -9.14144
C4 | 9.81344 | 34.91094 | -9.14144
C4 | 9.81344 | 34.91094 | -9.14144
O4 | 10.4708 | 35.96249 | -9.1539
O4 | 10.4708 | 35.96249 | -9.1539
C5 | 8.37564 | 34.85786 | -9.07441
C5 | 8.37564 | 34.85786 | -9.07441
C6 | 7.75846 | 33.67193 | -9.10889
C6 | 7.75846 | 33.67193 | -9.10889
