40
U_U_5-U_U_5-3ts0.pdb
P | -0.9186 | 6.45255 | 54.41044
P | -0.9186 | 6.45255 | 54.41044
OP1 | -2.15002 | 6.04265 | 55.14554
OP1 | -2.15002 | 6.04265 | 55.14554
OP2 | -0.29562 | 7.76436 | 54.73072
OP2 | -0.29562 | 7.76436 | 54.73072
O5' | 0.20437 | 5.32793 | 54.63576
O5' | 0.20437 | 5.32793 | 54.63576
C5' | -0.11541 | 3.94221 | 54.33702
C5' | -0.11541 | 3.94221 | 54.33702
C4' | 1.12343 | 3.07512 | 54.24858
C4' | 1.12343 | 3.07512 | 54.24858
O4' | 1.97797 | 3.60755 | 53.22153
O4' | 1.97797 | 3.60755 | 53.22153
C3' | 1.99322 | 3.09625 | 55.49577
C3' | 1.99322 | 3.09625 | 55.49577
O3' | 1.49339 | 2.2259 | 56.52031
O3' | 1.49339 | 2.2259 | 56.52031
C2' | 3.38939 | 2.78743 | 54.93938
C2' | 3.38939 | 2.78743 | 54.93938
O2' | 3.77012 | 1.43834 | 54.69741
O2' | 3.77012 | 1.43834 | 54.69741
C1' | 3.33142 | 3.49683 | 53.60855
C1' | 3.33142 | 3.49683 | 53.60855
N1 | 4.06456 | 4.79562 | 53.59706
N1 | 4.06456 | 4.79562 | 53.59706
C2 | 5.4585 | 4.76048 | 53.6095
C2 | 5.4585 | 4.76048 | 53.6095
O2 | 6.13489 | 3.73474 | 53.64335
O2 | 6.13489 | 3.73474 | 53.64335
N3 | 6.0531 | 6.00322 | 53.59462
N3 | 6.0531 | 6.00322 | 53.59462
C4 | 5.4317 | 7.23823 | 53.59462
C4 | 5.4317 | 7.23823 | 53.59462
O4 | 6.14317 | 8.23443 | 53.5782
O4 | 6.14317 | 8.23443 | 53.5782
C5 | 3.98737 | 7.21087 | 53.58489
C5 | 3.98737 | 7.21087 | 53.58489
C6 | 3.37345 | 6.0109 | 53.58703
C6 | 3.37345 | 6.0109 | 53.58703
