43
U_U_19-G_U_20-3ts0.pdb
P | -33.80132 | -51.51274 | -42.56635
OP1 | -34.00008 | -51.64281 | -41.10695
OP2 | -34.07471 | -50.20511 | -43.2328
O5' | -32.34026 | -52.05836 | -42.90238
C5' | -31.37702 | -51.09158 | -42.92159
C4' | -30.05061 | -51.56712 | -43.44409
O4' | -30.18511 | -51.96624 | -44.83199
C3' | -29.2312 | -50.3005 | -43.46111
O3' | -28.52263 | -50.1641 | -42.25185
C2' | -28.42732 | -50.37352 | -44.74551
O2' | -27.17821 | -51.01803 | -44.61562
C1' | -29.36029 | -51.16134 | -45.65785
N1 | -30.12181 | -50.29309 | -46.65927
C2 | -29.46437 | -49.90378 | -47.82373
O2 | -28.32831 | -50.23552 | -48.10297
N3 | -30.18529 | -49.09618 | -48.68481
C4 | -31.48378 | -48.63748 | -48.52959
O4 | -31.98826 | -47.93825 | -49.41477
C5 | -32.10281 | -49.05916 | -47.28815
C6 | -31.42175 | -49.84402 | -46.42146
P | -29.1617 | -49.38513 | -40.99871
OP1 | -29.92158 | -50.35853 | -40.1924
OP2 | -29.80339 | -48.12859 | -41.45003
O5' | -27.8881 | -48.95091 | -40.1594
C5' | -26.60561 | -49.5721 | -40.29728
C4' | -25.52962 | -48.51339 | -40.21362
O4' | -25.29529 | -47.94334 | -41.51957
C3' | -25.85792 | -47.35217 | -39.28435
O3' | -24.71099 | -47.03851 | -38.51811
C2' | -26.27199 | -46.25035 | -40.25187
O2' | -26.21605 | -44.92404 | -39.77232
C1' | -25.32227 | -46.53212 | -41.40559
N9 | -25.7619 | -45.96719 | -42.67541
C8 | -26.99737 | -46.1138 | -43.27291
N7 | -27.09507 | -45.50328 | -44.41823
C5 | -25.84392 | -44.91724 | -44.59
C6 | -25.33262 | -44.13145 | -45.6568
O6 | -25.92638 | -43.77042 | -46.68032
N1 | -23.98379 | -43.78695 | -45.47484
C2 | -23.22704 | -44.1489 | -44.37973
N2 | -21.96832 | -43.7062 | -44.33134
N3 | -23.70281 | -44.89437 | -43.38868
C4 | -25.00525 | -45.23069 | -43.5439
