24
U_U_11-GLY_A_54-3ts0.pdb
N | -0.72126 | -3.80323 | -8.12046
CA | 0.24604 | -4.0413 | -7.06632
C | 0.97309 | -2.76324 | -6.73339
O | 0.48806 | -1.66518 | -7.04729
P | -5.58206 | 0.00576 | -0.22161
OP1 | -6.98982 | -0.46238 | -0.06659
OP2 | -5.02201 | 1.08369 | 0.62926
O5' | -4.66969 | -1.29542 | -0.06914
C5' | -4.78555 | -2.52462 | -0.78482
C4' | -3.50902 | -3.32679 | -0.56552
O4' | -2.38369 | -2.5211 | -1.01835
C3' | -3.18619 | -3.73323 | 0.87815
O3' | -2.68955 | -5.05302 | 0.92402
C2' | -2.13825 | -2.69828 | 1.29407
O2' | -1.22834 | -3.09299 | 2.28829
C1' | -1.40314 | -2.47282 | -0.01003
N1 | -0.66244 | -1.19868 | -0.04348
C2 | 0.7262 | -1.23165 | -0.05608
O2 | 1.3803 | -2.26379 | -0.10473
N3 | 1.32965 | 0.0 | 0.0
C4 | 0.6998 | 1.24081 | 0.0
O4 | 1.35716 | 2.29237 | -0.01245
C5 | -0.73799 | 1.18774 | 0.06703
C6 | -1.35518 | 0.0018 | 0.03255
