29
U_U_12-LYS_A_45-3ts0.pdb
N | 4.07949 | -1.55371 | -7.25195
CA | 4.03044 | -1.17551 | -5.8374
C | 3.32717 | -2.28449 | -5.07335
O | 3.8637 | -2.8197 | -4.1136
CB | 3.32224 | 0.17387 | -5.66622
CG | 3.4301 | 0.76644 | -4.27665
CD | 2.50335 | 1.94126 | -4.12678
CE | 2.81782 | 2.66124 | -2.8682
NZ | 1.68231 | 3.51368 | -2.43863
P | -5.64338 | -0.16167 | 0.82586
OP1 | -7.01255 | -0.38795 | 0.27777
OP2 | -5.493 | 0.32968 | 2.21585
O5' | -4.84343 | -1.5421 | 0.77994
C5' | -4.98834 | -2.46 | -0.27789
C4' | -3.65249 | -3.11421 | -0.51883
O4' | -2.6739 | -2.09227 | -0.73589
C3' | -3.09738 | -3.94849 | 0.61751
O3' | -2.76879 | -5.22722 | 0.10658
C2' | -1.91668 | -3.13119 | 1.15133
O2' | -0.86618 | -3.90179 | 1.70574
C1' | -1.46655 | -2.45251 | -0.11966
N1 | -0.66313 | -1.2038 | 0.00018
C2 | 0.72897 | -1.24997 | -0.04811
O2 | 1.38517 | -2.28723 | -0.08659
N3 | 1.33314 | 0.0 | 0.0
C4 | 0.69675 | 1.25028 | 0.0
O4 | 1.34054 | 2.31209 | 0.00748
C5 | -0.74582 | 1.19582 | 0.02662
C6 | -1.34988 | 0.00769 | 0.02133
