44
A_A_24-G_A_16-1l2x.pdb
P | -12.97424 | -38.35241 | 12.61122
OP1 | -14.1775 | -39.13327 | 13.02697
OP2 | -11.78517 | -38.32218 | 13.50022
O5' | -12.47582 | -38.88213 | 11.19861
C5' | -13.42963 | -39.03186 | 10.13966
C4' | -12.73948 | -39.38809 | 8.85439
O4' | -11.82255 | -38.3531 | 8.43703
C3' | -11.84745 | -40.63116 | 8.9096
O3' | -12.64141 | -41.79604 | 8.88601
C2' | -10.99964 | -40.45488 | 7.6787
O2' | -11.76216 | -40.72624 | 6.4921
C1' | -10.74462 | -38.95324 | 7.71849
N9 | -9.51185 | -38.56746 | 8.40335
C8 | -9.3491 | -38.12862 | 9.68516
N7 | -8.10168 | -37.85646 | 9.9871
C5 | -7.40211 | -38.13858 | 8.82279
C6 | -6.02255 | -38.05662 | 8.51616
O6 | -5.0917 | -37.68981 | 9.2444
N1 | -5.75761 | -38.45075 | 7.20818
C2 | -6.69059 | -38.87603 | 6.30045
N2 | -6.22345 | -39.21154 | 5.08286
N3 | -7.97467 | -38.9564 | 6.57759
C4 | -8.25745 | -38.57697 | 7.83351
OP1A | -20.97265 | -32.30542 | 1.38606
OP1B | -20.84428 | -32.33209 | 1.25328
OP2A | -18.42955 | -32.29994 | 1.2183
OP2B | -18.30615 | -32.57911 | 1.2788
C4' | -20.16739 | -32.81455 | 5.755
O4' | -19.06513 | -33.7302 | 5.95832
C3' | -19.62019 | -31.48236 | 6.25143
O3' | -20.64434 | -30.60118 | 6.7109
C2' | -18.69422 | -31.86864 | 7.38292
O2' | -19.38839 | -32.11625 | 8.5782
C1' | -18.12008 | -33.1741 | 6.86608
N9 | -16.86054 | -32.96992 | 6.15547
C8 | -16.65764 | -32.92785 | 4.79903
N7 | -15.40406 | -32.72372 | 4.46429
C5 | -14.74602 | -32.60411 | 5.68421
C6 | -13.39977 | -32.35865 | 6.01553
N6 | -12.43598 | -32.1995 | 5.10957
N1 | -13.07221 | -32.29692 | 7.32469
C2 | -14.05151 | -32.45301 | 8.23006
N3 | -15.34866 | -32.66832 | 8.0445
C4 | -15.63294 | -32.73479 | 6.73311
