42
A_A_9-C_A_10-1l2x.pdb
P | -40.74669 | -2.365 | 0.18467
OP1 | -40.61168 | -3.04385 | 1.51738
OP2 | -40.12728 | -1.02828 | 0.03323
O5' | -40.14403 | -3.34876 | -0.89519
C5' | -40.23407 | -3.09818 | -2.29148
C4' | -38.92099 | -3.38236 | -2.96654
O4' | -37.89706 | -2.49383 | -2.42749
C3' | -38.31673 | -4.76545 | -2.77675
O3' | -38.86038 | -5.70217 | -3.68654
C2' | -36.84275 | -4.52992 | -3.03445
O2' | -36.56667 | -4.39252 | -4.40781
C1' | -36.63888 | -3.16017 | -2.40946
N9 | -36.20065 | -3.2016 | -1.01658
C8 | -36.79694 | -2.64152 | 0.07952
N7 | -36.14444 | -2.85671 | 1.19814
C5 | -35.0273 | -3.58279 | 0.8074
C6 | -33.93127 | -4.10195 | 1.51334
N6 | -33.7442 | -3.98936 | 2.82997
N1 | -32.99031 | -4.77539 | 0.81244
C2 | -33.15378 | -4.90604 | -0.50923
N3 | -34.14135 | -4.46839 | -1.28819
C4 | -35.04983 | -3.79868 | -0.56189
P | -39.56346 | -7.04278 | -3.13931
OP1 | -39.79964 | -7.90217 | -4.32664
OP2 | -40.70376 | -6.67878 | -2.24726
O5' | -38.45823 | -7.66845 | -2.16754
C5' | -37.33529 | -8.38521 | -2.6681
C4' | -36.52859 | -8.92607 | -1.51794
O4' | -35.83519 | -7.86244 | -0.81566
C3' | -37.34196 | -9.60468 | -0.42191
O3' | -37.71405 | -10.91953 | -0.79054
C2' | -36.37237 | -9.55321 | 0.73744
O2' | -35.34017 | -10.48076 | 0.54072
C1' | -35.81147 | -8.14879 | 0.58197
N1 | -36.58521 | -7.10609 | 1.2719
C2 | -36.42399 | -6.92824 | 2.65029
O2 | -35.65274 | -7.68329 | 3.25792
N3 | -37.13616 | -5.97088 | 3.28358
C4 | -37.97241 | -5.1801 | 2.61928
N4 | -38.64432 | -4.25125 | 3.3006
C5 | -38.15693 | -5.33966 | 1.21687
C6 | -37.45207 | -6.28923 | 0.59936
