42
A_A_20-A_A_21-1l2x.pdb
P | 18.79821 | -26.91711 | -16.66246
OP1 | 19.73177 | -27.48885 | -17.66551
OP2 | 18.22672 | -27.82167 | -15.61393
O5' | 19.61996 | -25.77644 | -15.90222
C5' | 18.98271 | -25.065 | -14.83669
C4' | 19.87535 | -23.89936 | -14.48461
O4' | 19.84738 | -22.94075 | -15.55508
C3' | 19.45671 | -23.11162 | -13.24943
O3' | 19.95458 | -23.77432 | -12.09959
C2' | 20.05962 | -21.75144 | -13.52127
O2' | 21.37276 | -21.69758 | -13.04541
C1' | 20.0592 | -21.63765 | -15.04573
N9 | 19.00419 | -20.77453 | -15.59069
C8 | 17.64861 | -20.96819 | -15.64116
N7 | 16.97665 | -19.97641 | -16.18183
C5 | 17.9664 | -19.05129 | -16.5022
C6 | 17.92396 | -17.76544 | -17.06809
N6 | 16.81144 | -17.16698 | -17.4845
N1 | 19.09234 | -17.10635 | -17.23364
C2 | 20.20602 | -17.71811 | -16.83002
N3 | 20.39352 | -18.90363 | -16.27728
C4 | 19.20831 | -19.52345 | -16.12077
P | 19.32353 | -23.63774 | -10.63983
OP1 | 17.99055 | -22.99185 | -10.70259
OP2 | 20.3378 | -23.10653 | -9.68379
O5' | 19.08998 | -25.16248 | -10.20529
C5' | 18.07926 | -25.97633 | -10.79081
C4' | 18.35121 | -27.41918 | -10.45877
O4' | 19.65732 | -27.81334 | -10.97429
C2' | 19.15819 | -29.09894 | -9.02843
O2' | 18.35231 | -30.15447 | -9.51486
C1' | 20.19681 | -28.81838 | -10.11216
N9 | 21.47649 | -28.33325 | -9.59381
C8 | 22.00888 | -27.0725 | -9.54853
N7 | 23.20285 | -27.02028 | -9.00647
C5 | 23.48989 | -28.34518 | -8.70434
C6 | 24.60217 | -28.96963 | -8.12196
N6 | 25.69172 | -28.31111 | -7.73146
N1 | 24.56487 | -30.3104 | -7.96238
C2 | 23.46656 | -30.97058 | -8.35406
N3 | 22.35186 | -30.50044 | -8.90885
C4 | 22.4408 | -29.16482 | -9.06439
