45
A_A_9-G_A_28-1l2x.pdb
P | -33.05111 | -40.69763 | -25.32918
OP1 | -33.26032 | -41.10514 | -23.89901
OP2 | -33.28989 | -39.27791 | -25.67672
O5' | -31.56701 | -41.08835 | -25.70583
C5' | -31.06183 | -40.98201 | -27.03022
C4' | -29.68742 | -40.37241 | -27.02567
O4' | -29.75777 | -39.02347 | -26.47438
C3' | -28.62282 | -41.04286 | -26.17057
O3' | -28.0179 | -42.12854 | -26.84592
C2' | -27.63434 | -39.92285 | -25.91963
O2' | -26.8336 | -39.66831 | -27.0489
C1' | -28.56008 | -38.72831 | -25.76321
N9 | -28.94449 | -38.45111 | -24.38145
C8 | -30.20114 | -38.38115 | -23.84607
N7 | -30.20916 | -38.10555 | -22.56258
C5 | -28.86773 | -37.95489 | -22.23742
C6 | -28.20505 | -37.63674 | -21.04209
N6 | -28.80347 | -37.40381 | -19.87213
N1 | -26.85438 | -37.56486 | -21.06868
C2 | -26.22775 | -37.79663 | -22.22809
N3 | -26.73653 | -38.10932 | -23.41846
C4 | -28.07618 | -38.16274 | -23.3565
P | -38.57426 | -40.37476 | -10.57233
OP1 | -38.8533 | -40.01003 | -9.16568
OP2 | -38.74256 | -39.35499 | -11.64256
O5' | -37.09963 | -40.96638 | -10.66676
C5' | -35.9673 | -40.14247 | -10.89125
C4' | -34.79018 | -41.04129 | -11.20098
O4' | -35.06067 | -41.86237 | -12.37024
C3' | -33.48938 | -40.31823 | -11.52739
O3' | -32.79765 | -39.88485 | -10.36656
C2' | -32.73002 | -41.3952 | -12.27955
O2' | -32.3128 | -42.41284 | -11.36616
C1' | -33.84333 | -42.03132 | -13.09565
N9 | -34.04707 | -41.44647 | -14.42069
C8 | -35.17792 | -40.81954 | -14.8822
N7 | -35.06512 | -40.41762 | -16.11576
C5 | -33.79313 | -40.82119 | -16.50026
C6 | -33.09699 | -40.65703 | -17.72456
O6 | -33.47201 | -40.11662 | -18.77784
N1 | -31.8221 | -41.21107 | -17.666
C2 | -31.27594 | -41.82878 | -16.57055
N2 | -30.03158 | -42.29131 | -16.71745
N3 | -31.9057 | -41.98613 | -15.419
C4 | -33.14732 | -41.45521 | -15.45955
