42
A_A_25-C_A_15-1l2x.pdb
P | -28.87914 | 8.06999 | -4.70424
OP1 | -29.71817 | 7.55406 | -5.8216
OP2 | -28.93798 | 9.49602 | -4.27562
O5' | -29.27045 | 7.20757 | -3.40947
C5' | -29.40281 | 5.78132 | -3.49209
C4' | -29.80242 | 5.23653 | -2.14371
O4' | -28.7322 | 5.3612 | -1.18071
C3' | -30.95524 | 5.9764 | -1.47533
O3' | -32.21131 | 5.60284 | -1.99934
C2' | -30.78511 | 5.54463 | -0.03384
O2' | -31.06004 | 4.15782 | 0.09253
C1' | -29.28589 | 5.6771 | 0.11038
N1 | -28.76155 | 6.99803 | 0.509
C2 | -28.67796 | 7.25583 | 1.88377
O2 | -29.12198 | 6.4141 | 2.67617
N3 | -28.15155 | 8.41948 | 2.31777
C4 | -27.66774 | 9.29668 | 1.4342
N4 | -27.17964 | 10.44778 | 1.89886
C5 | -27.7453 | 9.08113 | 0.02925
C6 | -28.2632 | 7.91539 | -0.37166
P | -27.55011 | -5.34949 | 0.83488
OP1 | -27.40192 | -6.61218 | 0.05483
OP2 | -27.4814 | -5.42401 | 2.32366
O5' | -26.42667 | -4.33603 | 0.3489
C5' | -25.69733 | -4.61467 | -0.8535
C4' | -26.34909 | -3.90223 | -2.00781
O4' | -27.14113 | -2.78448 | -1.54677
C3' | -25.38136 | -3.26284 | -2.99771
O3' | -24.91262 | -4.22882 | -3.92035
C2' | -26.22586 | -2.18576 | -3.63506
O2' | -27.12301 | -2.70302 | -4.58837
C1' | -27.04124 | -1.6987 | -2.45292
N9 | -26.42974 | -0.59277 | -1.71333
C8 | -25.78269 | -0.60977 | -0.50664
N7 | -25.36908 | 0.57311 | -0.11387
C5 | -25.75825 | 1.42557 | -1.13414
C6 | -25.61369 | 2.80763 | -1.31875
N6 | -24.99696 | 3.61507 | -0.45797
N1 | -26.13439 | 3.34151 | -2.4491
C2 | -26.74181 | 2.52826 | -3.32449
N3 | -26.9348 | 1.20973 | -3.26318
C4 | -26.42202 | 0.72107 | -2.12128
