42
A_A_25-C_A_8-1l2x.pdb
P | -28.01912 | 9.27427 | 0.33226
OP1 | -27.80428 | 9.55621 | 1.78073
OP2 | -27.28746 | 10.07198 | -0.67763
O5' | -27.72354 | 7.73453 | 0.10758
C5' | -26.51846 | 7.19115 | -0.41852
C4' | -26.70392 | 5.69643 | -0.38482
O4' | -27.66628 | 5.2796 | -1.39231
C3' | -25.48052 | 4.85219 | -0.72145
O3' | -24.55121 | 4.86076 | 0.35105
C2' | -26.1608 | 3.52453 | -0.99538
O2' | -26.53262 | 2.94923 | 0.21977
C1' | -27.39658 | 3.96593 | -1.80026
N1 | -27.07035 | 3.89228 | -3.22691
C2 | -26.96963 | 2.61448 | -3.7813
O2 | -27.21894 | 1.65262 | -3.04217
N3 | -26.58213 | 2.47844 | -5.06511
C4 | -26.26253 | 3.56006 | -5.78127
N4 | -25.92734 | 3.36731 | -7.05897
C5 | -26.36659 | 4.8758 | -5.24867
C6 | -26.74757 | 4.98824 | -3.96642
P | -31.10656 | -1.42971 | 5.42538
OP1 | -30.88961 | -2.50907 | 6.43173
OP2 | -30.99492 | -0.01059 | 5.87301
O5' | -30.07008 | -1.64612 | 4.24036
C5' | -29.35372 | -2.88443 | 4.14681
C4' | -30.08323 | -3.81258 | 3.21344
O4' | -30.94011 | -3.0746 | 2.31323
C3' | -29.18847 | -4.6111 | 2.27165
O3' | -28.67642 | -5.75406 | 2.93161
C2' | -30.12273 | -4.94469 | 1.1335
O2' | -31.00514 | -5.9931 | 1.45511
C1' | -30.94009 | -3.67182 | 1.02741
N9 | -30.38946 | -2.67677 | 0.10508
C8 | -29.71234 | -1.51922 | 0.38192
N7 | -29.37329 | -0.83827 | -0.68856
C5 | -29.8474 | -1.60259 | -1.74218
C6 | -29.80537 | -1.42667 | -3.13227
N6 | -29.2254 | -0.39128 | -3.7363
N1 | -30.39099 | -2.37841 | -3.89718
C2 | -30.96163 | -3.42948 | -3.29199
N3 | -31.05957 | -3.70792 | -1.99107
C4 | -30.48475 | -2.73334 | -1.26619
