43
A_A_25-A_A_24-1l2x.pdb
OP1A | -4.91838 | -15.23547 | -40.12376
OP1B | -4.93417 | -15.05713 | -40.17636
OP2A | -3.41897 | -13.17689 | -40.22138
OP2B | -3.2627 | -13.15666 | -40.48969
C4' | -1.02485 | -17.4237 | -39.90629
O4' | -0.06218 | -16.82485 | -40.80595
C3' | -0.44666 | -17.14029 | -38.52572
O3' | -0.85164 | -18.09933 | -37.54965
C2' | 1.04938 | -17.1895 | -38.74102
O2' | 1.54149 | -18.50452 | -38.76143
C1' | 1.17032 | -16.59561 | -40.13158
N9 | 1.41334 | -15.15612 | -40.08814
C8 | 0.50737 | -14.14417 | -40.28319
N7 | 1.03229 | -12.94497 | -40.17574
C5 | 2.36736 | -13.18907 | -39.86985
C6 | 3.45327 | -12.33099 | -39.6112
N6 | 3.36357 | -11.00197 | -39.63665
N1 | 4.65115 | -12.89238 | -39.33748
C2 | 4.73014 | -14.23253 | -39.30866
N3 | 3.78307 | -15.14037 | -39.51428
C4 | 2.61172 | -14.54497 | -39.79432
P | -1.51475 | -17.49363 | -36.20922
OP1 | -2.14727 | -18.59935 | -35.43326
OP2 | -2.35765 | -16.32256 | -36.58981
O5' | -0.27928 | -16.94851 | -35.37145
C5' | 0.20447 | -17.70524 | -34.254
C4' | 1.34153 | -18.58344 | -34.70194
O4' | 1.94883 | -18.07008 | -35.90896
C3' | 2.51163 | -18.66698 | -33.72772
O3' | 2.24004 | -19.61696 | -32.71387
C2' | 3.66017 | -19.06035 | -34.62529
O2' | 3.62913 | -20.42544 | -34.96708
C1' | 3.35278 | -18.26514 | -35.87936
N9 | 3.96001 | -16.93317 | -35.9127
C8 | 3.37959 | -15.71041 | -35.70524
N7 | 4.21291 | -14.70336 | -35.83166
C5 | 5.42623 | -15.30136 | -36.13061
C6 | 6.70248 | -14.77807 | -36.38038
N6 | 6.99513 | -13.47929 | -36.35256
N1 | 7.69137 | -15.65935 | -36.66197
C2 | 7.40262 | -16.9682 | -36.67505
N3 | 6.23963 | -17.5817 | -36.45017
C4 | 5.28177 | -16.67487 | -36.19358
