41
A_A_24-C_A_8-1l2x.pdb
P | -25.5484 | 5.17795 | -1.86248
OP1 | -25.33139 | 5.61474 | -0.45328
OP2 | -24.80966 | 5.85412 | -2.95271
O5' | -25.26615 | 3.62039 | -1.91711
C5' | -24.06573 | 3.01239 | -2.37929
C4' | -24.26416 | 1.53197 | -2.18256
O4' | -25.22991 | 1.01577 | -3.13952
C3' | -23.04806 | 0.64549 | -2.42348
O3' | -22.11891 | 0.76329 | -1.3573
C2' | -23.73979 | -0.69826 | -2.55137
O2' | -24.11681 | -1.13401 | -1.28102
C1' | -24.97155 | -0.33691 | -3.40108
N1 | -24.6457 | -0.56891 | -4.81075
C2 | -24.55598 | -1.9005 | -5.22198
O2 | -24.81375 | -2.77358 | -4.38239
N3 | -24.16943 | -2.17943 | -6.48278
C4 | -23.84033 | -1.1854 | -7.31255
N4 | -23.50659 | -1.51958 | -8.56114
C5 | -23.93307 | 0.18154 | -6.92713
C6 | -24.31329 | 0.43679 | -5.6653
OP1A | -31.43117 | -0.15524 | 5.91769
OP1B | -31.40334 | 0.01995 | 5.85977
OP2A | -30.58773 | 1.00378 | 3.81037
OP2B | -30.81596 | 1.05965 | 3.60637
C4' | -32.02401 | -3.61909 | 3.15265
O4' | -32.54702 | -3.163 | 1.88255
C3' | -30.63407 | -4.13414 | 2.80139
O3' | -30.17498 | -5.14254 | 3.70074
C2' | -30.79489 | -4.69074 | 1.40452
O2' | -31.35541 | -5.97825 | 1.40557
C1' | -31.79462 | -3.71768 | 0.80896
N9 | -31.13334 | -2.62809 | 0.09579
C8 | -30.91184 | -1.34741 | 0.53586
N7 | -30.28472 | -0.59525 | -0.33944
C5 | -30.06328 | -1.44728 | -1.41673
C6 | -29.42422 | -1.26103 | -2.65742
N6 | -28.88447 | -0.10504 | -3.04123
N1 | -29.37202 | -2.31135 | -3.50543
C2 | -29.91387 | -3.47365 | -3.10728
N3 | -30.52109 | -3.77688 | -1.96591
C4 | -30.56355 | -2.70635 | -1.15527
