45
A_A_20-G_A_18-1l2x.pdb
P | -26.82713 | -25.15274 | 22.92621
OP1 | -27.87795 | -26.15385 | 22.58685
OP2 | -25.98516 | -25.33482 | 24.13296
O5' | -25.80957 | -25.05599 | 21.71038
C5' | -26.20915 | -24.83109 | 20.3645
C4' | -25.07101 | -25.1345 | 19.43192
O4' | -23.96197 | -24.24809 | 19.72911
C3' | -24.46841 | -26.52453 | 19.54788
O3' | -23.92906 | -26.95678 | 18.325
C2' | -23.33146 | -26.339 | 20.52003
O2' | -22.37 | -27.36865 | 20.45937
C1' | -22.80611 | -24.97807 | 20.04741
N9 | -22.05578 | -24.3451 | 21.11779
C8 | -22.58514 | -23.97576 | 22.33764
N7 | -21.69107 | -23.43272 | 23.12233
C5 | -20.51588 | -23.46126 | 22.39027
C6 | -19.21587 | -23.01371 | 22.72708
O6 | -18.84208 | -22.48902 | 23.78037
N1 | -18.30716 | -23.22378 | 21.69604
C2 | -18.61264 | -23.7822 | 20.48366
N2 | -17.59711 | -23.89841 | 19.61239
N3 | -19.82356 | -24.20015 | 20.1521
C4 | -20.72347 | -24.0209 | 21.14861
P | -29.55434 | -24.97021 | 16.25008
OP1 | -29.61093 | -26.30166 | 16.90471
OP2 | -30.82957 | -24.2075 | 16.05953
O5' | -28.60253 | -24.07282 | 17.1683
C5' | -28.38754 | -22.70558 | 16.80496
C4' | -27.26903 | -22.18527 | 17.67539
O4' | -26.03414 | -22.80641 | 17.2819
C3' | -27.00206 | -20.68939 | 17.56333
O3' | -27.91008 | -20.00292 | 18.40799
C2' | -25.5479 | -20.59549 | 17.96841
O2' | -25.43717 | -20.45759 | 19.35491
C1' | -24.94938 | -21.93356 | 17.5345
N9 | -24.14086 | -21.86973 | 16.31089
C8 | -24.52627 | -21.6625 | 15.01237
N7 | -23.5367 | -21.64 | 14.14766
C5 | -22.4093 | -21.83616 | 14.9405
C6 | -21.03473 | -21.88145 | 14.65076
N6 | -20.52384 | -21.78166 | 13.42671
N1 | -20.1762 | -22.07442 | 15.67672
C2 | -20.69517 | -22.19077 | 16.89925
N3 | -21.9483 | -22.15618 | 17.31712
C4 | -22.77004 | -21.95345 | 16.26973
