44
A_A_9-A_A_9-1l2x.pdb
P | -48.95499 | -2.38201 | 36.33778
P | -48.95499 | -2.38201 | 36.33778
OP1 | -48.47179 | -1.1476 | 37.04343
OP1 | -48.47179 | -1.1476 | 37.04343
OP2 | -49.09786 | -2.31515 | 34.86519
OP2 | -49.09786 | -2.31515 | 34.86519
O5' | -47.95773 | -3.54781 | 36.71654
O5' | -47.95773 | -3.54781 | 36.71654
C5' | -48.18708 | -4.90033 | 36.34421
C5' | -48.18708 | -4.90033 | 36.34421
C4' | -46.92252 | -5.52981 | 35.82917
C4' | -46.92252 | -5.52981 | 35.82917
O4' | -46.47758 | -4.81691 | 34.63657
O4' | -46.47758 | -4.81691 | 34.63657
C3' | -45.69944 | -5.49362 | 36.73296
C3' | -45.69944 | -5.49362 | 36.73296
O3' | -45.71221 | -6.55173 | 37.67156
O3' | -45.71221 | -6.55173 | 37.67156
C2' | -44.55083 | -5.63073 | 35.75501
C2' | -44.55083 | -5.63073 | 35.75501
O2' | -44.40664 | -6.95448 | 35.29884
O2' | -44.40664 | -6.95448 | 35.29884
C1' | -45.05502 | -4.81566 | 34.57609
C1' | -45.05502 | -4.81566 | 34.57609
N9 | -44.63079 | -3.41796 | 34.59492
N9 | -44.63079 | -3.41796 | 34.59492
C8 | -45.4084 | -2.29294 | 34.57658
C8 | -45.4084 | -2.29294 | 34.57658
N7 | -44.71647 | -1.17749 | 34.596
N7 | -44.71647 | -1.17749 | 34.596
C5 | -43.39285 | -1.59685 | 34.59755
C5 | -43.39285 | -1.59685 | 34.59755
C6 | -42.17213 | -0.90476 | 34.59337
C6 | -42.17213 | -0.90476 | 34.59337
N6 | -42.04379 | 0.42366 | 34.59576
N6 | -42.04379 | 0.42366 | 34.59576
N1 | -41.03271 | -1.63409 | 34.59315
N1 | -41.03271 | -1.63409 | 34.59315
C2 | -41.13165 | -2.96856 | 34.5936
C2 | -41.13165 | -2.96856 | 34.5936
N3 | -42.21894 | -3.73756 | 34.60219
N3 | -42.21894 | -3.73756 | 34.60219
C4 | -43.32798 | -2.98172 | 34.59301
C4 | -43.32798 | -2.98172 | 34.59301
