44
A_A_25-A_A_25-1l2x.pdb
P | 6.75622 | -17.04369 | -38.71346
P | 6.75622 | -17.04369 | -38.71346
OP1 | 6.12485 | -18.20563 | -38.02347
OP1 | 6.12485 | -18.20563 | -38.02347
OP2 | 5.86655 | -16.02338 | -39.34131
OP2 | 5.86655 | -16.02338 | -39.34131
O5' | 7.68654 | -16.29485 | -37.66507
O5' | 7.68654 | -16.29485 | -37.66507
C5' | 8.00819 | -16.93534 | -36.42344
C5' | 8.00819 | -16.93534 | -36.42344
C4' | 9.32629 | -17.64902 | -36.55795
C4' | 9.32629 | -17.64902 | -36.55795
O4' | 10.111 | -17.09009 | -37.63547
O4' | 10.111 | -17.09009 | -37.63547
C3' | 10.2496 | -17.5269 | -35.35056
C3' | 10.2496 | -17.5269 | -35.35056
O3' | 9.89203 | -18.47375 | -34.36075
O3' | 9.89203 | -18.47375 | -34.36075
C2' | 11.61237 | -17.77403 | -35.95165
C2' | 11.61237 | -17.77403 | -35.95165
O2' | 11.84652 | -19.13884 | -36.20406
O2' | 11.84652 | -19.13884 | -36.20406
C1' | 11.4861 | -17.0737 | -37.29072
C1' | 11.4861 | -17.0737 | -37.29072
N9 | 11.89624 | -15.66814 | -37.27712
N9 | 11.89624 | -15.66814 | -37.27712
C8 | 11.12156 | -14.53901 | -37.27863
C8 | 11.12156 | -14.53901 | -37.27863
N7 | 11.81537 | -13.42405 | -37.28608
N7 | 11.81537 | -13.42405 | -37.28608
C5 | 13.13525 | -13.8447 | -37.27686
C5 | 13.13525 | -13.8447 | -37.27686
C6 | 14.35059 | -13.14614 | -37.27782
C6 | 14.35059 | -13.14614 | -37.27782
N6 | 14.44806 | -11.81809 | -37.2705
N6 | 14.44806 | -11.81809 | -37.2705
N1 | 15.489 | -13.87952 | -37.28209
N1 | 15.489 | -13.87952 | -37.28209
C2 | 15.39338 | -15.21647 | -37.27355
C2 | 15.39338 | -15.21647 | -37.27355
N3 | 14.3053 | -15.98819 | -37.2666
N3 | 14.3053 | -15.98819 | -37.2666
C4 | 13.1989 | -15.22575 | -37.28162
C4 | 13.1989 | -15.22575 | -37.28162
