42
A_A_24-A_A_24-1l2x.pdb
OP1A | -12.52007 | -15.79302 | -35.1952
OP1A | -12.52007 | -15.79302 | -35.1952
OP1B | -12.52253 | -15.61254 | -35.24256
OP1B | -12.52253 | -15.61254 | -35.24256
OP2A | -10.81191 | -13.95075 | -35.62389
OP2A | -10.81191 | -13.95075 | -35.62389
OP2B | -10.71805 | -13.94279 | -35.92045
OP2B | -10.71805 | -13.94279 | -35.92045
C4' | -9.01419 | -18.48697 | -35.86354
C4' | -9.01419 | -18.48697 | -35.86354
O4' | -8.20312 | -17.99278 | -36.95564
O4' | -8.20312 | -17.99278 | -36.95564
C3' | -8.10983 | -18.32851 | -34.64796
C3' | -8.10983 | -18.32851 | -34.64796
O3' | -8.41509 | -19.25636 | -33.60758
O3' | -8.41509 | -19.25636 | -33.60758
C2' | -6.72058 | -18.56976 | -35.19448
C2' | -6.72058 | -18.56976 | -35.19448
O2' | -6.43074 | -19.93729 | -35.32756
O2' | -6.43074 | -19.93729 | -35.32756
C1' | -6.83191 | -17.95216 | -36.57549
C1' | -6.83191 | -17.95216 | -36.57549
N9 | -6.39 | -16.56014 | -36.58517
N9 | -6.39 | -16.56014 | -36.58517
C8 | -7.16889 | -15.43056 | -36.56946
C8 | -7.16889 | -15.43056 | -36.56946
N7 | -6.47364 | -14.31626 | -36.58065
N7 | -6.47364 | -14.31626 | -36.58065
C5 | -5.15048 | -14.74612 | -36.58349
C5 | -5.15048 | -14.74612 | -36.58349
C6 | -3.92696 | -14.04947 | -36.57424
C6 | -3.92696 | -14.04947 | -36.57424
N6 | -3.8367 | -12.72026 | -36.57637
N6 | -3.8367 | -12.72026 | -36.57637
N1 | -2.78694 | -14.77428 | -36.57814
N1 | -2.78694 | -14.77428 | -36.57814
C2 | -2.88831 | -16.11321 | -36.57034
C2 | -2.88831 | -16.11321 | -36.57034
N3 | -3.97285 | -16.8794 | -36.55925
N3 | -3.97285 | -16.8794 | -36.55925
C4 | -5.084 | -16.12424 | -36.56741
C4 | -5.084 | -16.12424 | -36.56741
