40
A_A_21-A_A_21-1l2x.pdb
P | 12.51709 | -0.86001 | -24.24493
P | 12.51709 | -0.86001 | -24.24493
OP1 | 11.34208 | -1.56895 | -23.68397
OP1 | 11.34208 | -1.56895 | -23.68397
OP2 | 12.85803 | 0.49527 | -23.72347
OP2 | 12.85803 | 0.49527 | -23.72347
O5' | 13.80416 | -1.76583 | -23.94299
O5' | 13.80416 | -1.76583 | -23.94299
C5' | 13.8163 | -3.17207 | -24.16459
C5' | 13.8163 | -3.17207 | -24.16459
C4' | 15.23912 | -3.66341 | -24.14992
C4' | 15.23912 | -3.66341 | -24.14992
O4' | 16.00929 | -2.99633 | -25.19342
O4' | 16.00929 | -2.99633 | -25.19342
C2' | 17.45793 | -3.56135 | -23.38498
C2' | 17.45793 | -3.56135 | -23.38498
O2' | 17.79666 | -4.9126 | -23.6291
O2' | 17.79666 | -4.9126 | -23.6291
C1' | 17.36532 | -2.88896 | -24.75291
C1' | 17.36532 | -2.88896 | -24.75291
N9 | 17.72836 | -1.47133 | -24.74112
N9 | 17.72836 | -1.47133 | -24.74112
C8 | 16.95179 | -0.34372 | -24.76121
C8 | 16.95179 | -0.34372 | -24.76121
N7 | 17.63935 | 0.77394 | -24.74619
N7 | 17.63935 | 0.77394 | -24.74619
C5 | 18.9624 | 0.35135 | -24.75031
C5 | 18.9624 | 0.35135 | -24.75031
C6 | 20.18267 | 1.04213 | -24.74843
C6 | 20.18267 | 1.04213 | -24.74843
N6 | 20.27312 | 2.37068 | -24.75446
N6 | 20.27312 | 2.37068 | -24.75446
N1 | 21.32183 | 0.3163 | -24.75258
N1 | 21.32183 | 0.3163 | -24.75258
C2 | 21.22829 | -1.02038 | -24.74428
C2 | 21.22829 | -1.02038 | -24.74428
N3 | 20.14293 | -1.79067 | -24.73904
N3 | 20.14293 | -1.79067 | -24.73904
C4 | 19.03343 | -1.02596 | -24.75273
C4 | 19.03343 | -1.02596 | -24.75273
