44
A_A_20-A_A_20-1l2x.pdb
P | -16.82231 | -32.11183 | -25.65713
P | -16.82231 | -32.11183 | -25.65713
OP1 | -16.54249 | -32.88032 | -26.89634
OP1 | -16.54249 | -32.88032 | -26.89634
OP2 | -18.17031 | -32.24465 | -25.01724
OP2 | -18.17031 | -32.24465 | -25.01724
O5' | -15.74289 | -32.6035 | -24.58592
O5' | -15.74289 | -32.6035 | -24.58592
C5' | -15.79029 | -32.0592 | -23.26339
C5' | -15.79029 | -32.0592 | -23.26339
C4' | -14.52672 | -32.49193 | -22.55941
C4' | -14.52672 | -32.49193 | -22.55941
O4' | -13.40392 | -31.80416 | -23.13553
O4' | -13.40392 | -31.80416 | -23.13553
C3' | -14.46438 | -32.1572 | -21.07431
C3' | -14.46438 | -32.1572 | -21.07431
O3' | -15.15081 | -33.16642 | -20.35354
O3' | -15.15081 | -33.16642 | -20.35354
C2' | -12.97389 | -32.0888 | -20.82686
C2' | -12.97389 | -32.0888 | -20.82686
O2' | -12.47514 | -33.35506 | -20.50821
O2' | -12.47514 | -33.35506 | -20.50821
C1' | -12.39158 | -31.62715 | -22.1628
C1' | -12.39158 | -31.62715 | -22.1628
N9 | -11.99059 | -30.21537 | -22.19586
N9 | -11.99059 | -30.21537 | -22.19586
C8 | -12.76083 | -29.08216 | -22.18152
C8 | -12.76083 | -29.08216 | -22.18152
N7 | -12.07785 | -27.95932 | -22.19745
N7 | -12.07785 | -27.95932 | -22.19745
C5 | -10.75289 | -28.38636 | -22.21156
C5 | -10.75289 | -28.38636 | -22.21156
C6 | -9.5278 | -27.69765 | -22.19487
C6 | -9.5278 | -27.69765 | -22.19487
N6 | -9.41344 | -26.37257 | -22.21362
N6 | -9.41344 | -26.37257 | -22.21362
N1 | -8.38992 | -28.42714 | -22.19566
N1 | -8.38992 | -28.42714 | -22.19566
C2 | -8.51065 | -29.75486 | -22.19407
C2 | -8.51065 | -29.75486 | -22.19407
N3 | -9.58154 | -30.52903 | -22.19659
N3 | -9.58154 | -30.52903 | -22.19659
C4 | -10.69182 | -29.76708 | -22.18622
C4 | -10.69182 | -29.76708 | -22.18622
