42
A_A_20-C_A_17-1l2x.pdb
P | -31.02528 | 3.15417 | 9.26859
OP1 | -32.47085 | 3.52717 | 9.21309
OP2 | -30.56855 | 2.07719 | 10.16804
O5' | -30.53438 | 2.77558 | 7.7967
C5' | -30.4398 | 1.43825 | 7.33805
C4' | -29.4542 | 1.39271 | 6.19451
O4' | -28.11627 | 1.68773 | 6.66773
C3' | -29.32213 | 0.03543 | 5.51592
O3' | -30.34537 | -0.14946 | 4.54807
C2' | -27.93669 | 0.09776 | 4.92071
O2' | -27.9357 | 0.854 | 3.7377
C1' | -27.17081 | 0.89123 | 5.96848
N1 | -26.46006 | 0.05412 | 6.95333
C2 | -25.35099 | -0.66142 | 6.48154
O2 | -25.05616 | -0.57816 | 5.28452
N3 | -24.66149 | -1.42254 | 7.35246
C4 | -25.00225 | -1.47135 | 8.63528
N4 | -24.25688 | -2.24733 | 9.42731
C5 | -26.10455 | -0.73351 | 9.14452
C6 | -26.79453 | 0.00913 | 8.27412
P | -29.82744 | 0.86302 | -2.45385
OP1 | -31.01051 | -0.02056 | -2.29836
OP2 | -30.0478 | 2.32938 | -2.66701
O5' | -28.98506 | 0.70542 | -1.10481
C5' | -27.792 | 1.47926 | -0.94553
C4' | -27.07799 | 0.9487 | 0.27437
O4' | -26.55978 | -0.36092 | -0.01195
C3' | -25.86435 | 1.75601 | 0.718
O3' | -26.30896 | 2.84178 | 1.51338
C2' | -25.04162 | 0.71723 | 1.44705
O2' | -25.42202 | 0.6506 | 2.79038
C1' | -25.38935 | -0.59681 | 0.74753
N9 | -24.3571 | -1.0866 | -0.17419
C8 | -23.95363 | -0.59044 | -1.38609
N7 | -22.97516 | -1.26202 | -1.95094
C5 | -22.7047 | -2.2735 | -1.03341
C6 | -21.75347 | -3.30783 | -1.00573
N6 | -20.88497 | -3.5527 | -1.98298
N1 | -21.74192 | -4.13051 | 0.06663
C2 | -22.62601 | -3.89062 | 1.03527
N3 | -23.55785 | -2.96064 | 1.14908
C4 | -23.53125 | -2.15755 | 0.06847
