44
A_A_25-G_A_12-1l2x.pdb
P | 12.82803 | 39.89638 | 2.51839
OP1 | 13.02236 | 40.39399 | 3.91116
OP2 | 12.19114 | 40.79505 | 1.51843
O5' | 14.2583 | 39.5076 | 1.92586
C5' | 15.10356 | 38.6507 | 2.70752
C4' | 16.35867 | 38.36775 | 1.9273
O4' | 16.00692 | 37.67552 | 0.70194
C3' | 17.1507 | 39.56719 | 1.42767
C2' | 17.96097 | 38.95406 | 0.30405
O2' | 19.04545 | 38.18907 | 0.80294
C1' | 16.9726 | 37.9769 | -0.30322
N9 | 16.24807 | 38.50426 | -1.45834
C8 | 15.01013 | 39.08243 | -1.48386
N7 | 14.6448 | 39.44642 | -2.68492
C5 | 15.71954 | 39.09183 | -3.49443
C6 | 15.92105 | 39.23158 | -4.88958
O6 | 15.16931 | 39.72391 | -5.73969
N1 | 17.16114 | 38.73414 | -5.26555
C2 | 18.0949 | 38.16929 | -4.43919
N2 | 19.22894 | 37.75389 | -5.02712
N3 | 17.92353 | 38.02987 | -3.13798
C4 | 16.7193 | 38.5055 | -2.74554
P | 15.21023 | 42.22165 | -17.48459
OP1 | 15.7857 | 41.43648 | -18.61471
OP2 | 13.808 | 42.71701 | -17.60745
O5' | 15.29493 | 41.32965 | -16.17213
C5' | 16.10285 | 40.14534 | -16.17481
C4' | 17.46451 | 40.47006 | -15.62231
O4' | 17.42029 | 41.65686 | -14.79843
C3' | 18.04757 | 39.41516 | -14.68826
O3' | 18.65133 | 38.37606 | -15.4365
C2' | 19.03208 | 40.21133 | -13.86585
O2' | 20.21938 | 40.48581 | -14.57028
C1' | 18.29003 | 41.52164 | -13.687
N9 | 17.44927 | 41.57988 | -12.48961
C8 | 16.08846 | 41.47394 | -12.37989
N7 | 15.6483 | 41.59324 | -11.14839
C5 | 16.79516 | 41.77828 | -10.3937
C6 | 17.00352 | 41.96604 | -9.02024
N6 | 16.02889 | 41.98319 | -8.11302
N1 | 18.28062 | 42.13498 | -8.60274
C2 | 19.26474 | 42.10236 | -9.51218
N3 | 19.19284 | 41.92716 | -10.83265
C4 | 17.91121 | 41.78229 | -11.20965
