45
A_A_20-G_A_19-1l2x.pdb
P | -19.28554 | -39.10978 | 4.89561
OP1 | -19.80175 | -40.48602 | 4.78201
OP2 | -17.82942 | -38.83984 | 4.95253
O5' | -19.88515 | -38.32166 | 3.63396
C5' | -19.25536 | -37.11301 | 3.21538
C4' | -20.1212 | -36.50588 | 2.1385
O4' | -19.56453 | -35.24878 | 1.70677
C3' | -20.24672 | -37.30733 | 0.84692
O3' | -21.45019 | -36.98748 | 0.18159
C2' | -19.00752 | -36.87058 | 0.10324
O2' | -19.12037 | -37.03802 | -1.30065
C1' | -18.90238 | -35.40341 | 0.4598
N9 | -17.55544 | -34.87625 | 0.67956
C8 | -16.99172 | -34.34101 | 1.80979
N7 | -15.75241 | -33.9485 | 1.63239
C5 | -15.48826 | -34.23765 | 0.30262
C6 | -14.32765 | -34.04038 | -0.48888
O6 | -13.2382 | -33.55854 | -0.15207
N1 | -14.51043 | -34.47834 | -1.80501
C2 | -15.6794 | -35.02377 | -2.2756
N2 | -15.71641 | -35.39746 | -3.55098
N3 | -16.78109 | -35.2152 | -1.55791
C4 | -16.59047 | -34.79416 | -0.29526
P | -22.8789 | -37.59826 | 0.59013
OP1 | -22.74599 | -39.02054 | 0.99508
OP2 | -23.86852 | -37.24365 | -0.47717
O5' | -23.30802 | -36.80703 | 1.9108
C5' | -23.55238 | -35.40005 | 1.8198
C4' | -23.67995 | -34.87918 | 3.23114
O4' | -22.39456 | -34.92777 | 3.87226
C3' | -24.1156 | -33.42389 | 3.34862
O3' | -25.52866 | -33.36524 | 3.25365
C2' | -23.54278 | -33.02872 | 4.69145
O2' | -24.44847 | -33.32705 | 5.7134
C1' | -22.29481 | -33.89921 | 4.83894
N9 | -21.02965 | -33.19322 | 4.6024
C8 | -20.50301 | -32.69925 | 3.43779
N7 | -19.34541 | -32.09277 | 3.57785
C5 | -19.0952 | -32.18404 | 4.94429
C6 | -18.05167 | -31.70937 | 5.75741
N6 | -16.98269 | -31.06204 | 5.30188
N1 | -18.11898 | -31.95651 | 7.08455
C2 | -19.18442 | -32.62061 | 7.53314
N3 | -20.23376 | -33.10983 | 6.89619
C4 | -20.13446 | -32.83569 | 5.58151
