41
A_A_24-C_A_15-1l2x.pdb
P | -26.44092 | 4.75051 | -11.0988
OP1 | -27.29145 | 3.87941 | -11.95697
OP2 | -26.49878 | 6.23667 | -11.19213
O5' | -26.8147 | 4.39269 | -9.58039
C5' | -26.94401 | 3.02691 | -9.16033
C4' | -27.32635 | 2.98555 | -7.70201
O4' | -26.24534 | 3.4358 | -6.85526
C3' | -28.47338 | 3.91329 | -7.31894
O3' | -29.73442 | 3.3826 | -7.66536
C2' | -28.28526 | 4.00948 | -5.8194
O2' | -28.5548 | 2.75355 | -5.21542
C1' | -26.78485 | 4.18172 | -5.74809
N1 | -26.25962 | 5.55809 | -5.83993
C2 | -26.16076 | 6.27773 | -4.64169
O2 | -26.59315 | 5.7647 | -3.60083
N3 | -25.6326 | 7.51894 | -4.6457
C4 | -25.16158 | 8.03347 | -5.78484
N4 | -24.67134 | 9.27362 | -5.75529
C5 | -25.2549 | 7.34293 | -7.02614
C6 | -25.77414 | 6.11126 | -6.99049
OP1A | -27.86728 | -4.8257 | 3.50624
OP1B | -27.83771 | -4.69166 | 3.63265
OP2A | -26.89686 | -2.46926 | 3.53811
OP2B | -27.11138 | -2.2519 | 3.47847
C4' | -28.22919 | -4.06044 | -0.88451
O4' | -28.67028 | -2.70262 | -1.12214
C3' | -26.81249 | -4.078 | -1.44419
O3' | -26.40333 | -5.37667 | -1.87143
C2' | -26.8714 | -3.12006 | -2.61286
O2' | -27.41509 | -3.71544 | -3.76255
C1' | -27.8401 | -2.07479 | -2.09323
N9 | -27.14517 | -0.95921 | -1.45632
C8 | -26.96954 | -0.73404 | -0.11419
N7 | -26.29361 | 0.36123 | 0.14783
C5 | -25.98928 | 0.87648 | -1.10813
C6 | -25.2698 | 2.0156 | -1.51701
N6 | -24.71926 | 2.88239 | -0.66816
N1 | -25.14748 | 2.2436 | -2.84292
C2 | -25.701 | 1.36133 | -3.69044
N3 | -26.38057 | 0.25048 | -3.43047
C4 | -26.49089 | 0.06438 | -2.1045
