40
A_A_21-C_A_17-1l2x.pdb
P | -23.83291 | 3.86348 | -1.00472
OP1 | -25.13196 | 3.59272 | -1.69103
OP2 | -23.69041 | 5.03251 | -0.11559
O5' | -23.42115 | 2.57526 | -0.15517
C5' | -23.66319 | 2.46249 | 1.23639
C4' | -22.69562 | 1.45494 | 1.81069
O4' | -21.33849 | 1.95902 | 1.73903
C3' | -22.90134 | 1.13768 | 3.28621
O3' | -23.91436 | 0.15668 | 3.45764
C2' | -21.53281 | 0.66934 | 3.71673
O2' | -21.30898 | -0.65621 | 3.31144
C1' | -20.61361 | 1.5583 | 2.89283
N1 | -20.166 | 2.77445 | 3.59744
C2 | -19.26765 | 2.58847 | 4.65715
O2 | -18.93292 | 1.43739 | 4.95664
N3 | -18.81829 | 3.67432 | 5.31458
C4 | -19.19057 | 4.89598 | 4.94978
N4 | -18.68919 | 5.91409 | 5.65485
C5 | -20.07753 | 5.11338 | 3.86128
C6 | -20.53212 | 4.03245 | 3.22089
P | -18.04133 | -3.2003 | 1.29062
OP1 | -16.92272 | -4.07497 | 1.71674
OP2 | -17.73423 | -1.8285 | 0.79182
O5' | -18.78079 | -3.93715 | 0.0747
C5' | -19.10906 | -5.32202 | 0.10815
C4' | -20.10416 | -5.62149 | -0.98094
O4' | -21.31172 | -4.82694 | -0.78723
C2' | -21.01322 | -5.25099 | -3.11518
O2' | -21.57019 | -6.53758 | -3.30134
C1' | -21.88211 | -4.55509 | -2.06988
N9 | -21.95761 | -3.10298 | -2.23506
C8 | -21.3273 | -2.08764 | -1.56665
N7 | -21.65087 | -0.89001 | -1.99455
C5 | -22.58542 | -1.13395 | -2.99262
C6 | -23.32242 | -0.28855 | -3.83428
N6 | -23.23879 | 1.03987 | -3.79467
N1 | -24.16799 | -0.85721 | -4.72093
C2 | -24.24878 | -2.19416 | -4.76043
N3 | -23.60561 | -3.10076 | -4.02845
C4 | -22.78864 | -2.48911 | -3.14844
