42
A_A_20-C_A_5-1l2x.pdb
P | -19.80166 | -1.79784 | -3.58467
OP1 | -18.71021 | -0.88671 | -3.14071
OP2 | -19.49634 | -3.24564 | -3.75873
O5' | -21.0112 | -1.69488 | -2.55915
C5' | -21.53037 | -0.40168 | -2.23436
C4' | -22.76347 | -0.57291 | -1.39333
O4' | -23.81278 | -1.26381 | -2.11763
C3' | -22.59772 | -1.43906 | -0.13907
O3' | -21.88078 | -0.76058 | 0.87697
C2' | -24.05278 | -1.71045 | 0.19419
O2' | -24.65205 | -0.50465 | 0.66005
C1' | -24.59519 | -2.00897 | -1.19464
N1 | -24.48818 | -3.42533 | -1.57611
C2 | -25.43794 | -4.3183 | -1.07927
O2 | -26.34226 | -3.86459 | -0.37175
N3 | -25.37758 | -5.62073 | -1.42888
C4 | -24.38772 | -6.05088 | -2.21125
N4 | -24.34179 | -7.3421 | -2.52802
C5 | -23.41137 | -5.1539 | -2.70935
C6 | -23.47915 | -3.87025 | -2.38228
P | -33.13752 | 2.33069 | 1.34912
OP1 | -34.32765 | 2.47575 | 0.47329
OP2 | -33.34407 | 2.19286 | 2.82647
O5' | -32.3899 | 1.00789 | 0.85351
C5' | -31.21138 | 0.58453 | 1.54592
C4' | -30.58258 | -0.51349 | 0.72227
O4' | -30.04465 | 0.04917 | -0.48589
C3' | -29.40314 | -1.22145 | 1.37739
O3' | -29.9025 | -2.22668 | 2.24305
C2' | -28.63159 | -1.72763 | 0.17907
O2' | -29.10354 | -2.98522 | -0.20746
C1' | -28.92907 | -0.70618 | -0.91869
N9 | -27.83534 | 0.23606 | -1.18501
C8 | -27.34983 | 1.25988 | -0.41447
N7 | -26.33414 | 1.905 | -0.94332
C5 | -26.12656 | 1.24685 | -2.15238
C6 | -25.17851 | 1.40941 | -3.17719
N6 | -24.24454 | 2.3564 | -3.18986
N1 | -25.24007 | 0.57264 | -4.23687
C2 | -26.189 | -0.36377 | -4.22669
N3 | -27.12735 | -0.63896 | -3.33791
C4 | -27.02715 | 0.20803 | -2.29582
