42
A_A_25-C_A_26-1l2x.pdb
P | -31.10208 | -0.31759 | 3.60045
OP1 | -30.73027 | -0.22661 | 5.04208
OP2 | -31.31775 | 0.94981 | 2.84287
O5' | -29.96908 | -1.14229 | 2.85106
C5' | -29.00587 | -1.87609 | 3.61857
C4' | -29.4642 | -3.3025 | 3.76037
O4' | -30.39623 | -3.65422 | 2.71306
C3' | -28.36386 | -4.3485 | 3.61766
O3' | -27.66848 | -4.50028 | 4.84139
C2' | -29.13274 | -5.58173 | 3.20845
O2' | -29.79612 | -6.18368 | 4.29419
C1' | -30.18886 | -4.99252 | 2.29359
N9 | -29.79943 | -4.9323 | 0.88337
C8 | -29.39771 | -3.8546 | 0.14024
N7 | -29.13975 | -4.14614 | -1.11396
C5 | -29.37524 | -5.50847 | -1.20185
C6 | -29.28128 | -6.41792 | -2.26445
N6 | -28.89214 | -6.09021 | -3.49507
N1 | -29.60514 | -7.70778 | -2.00904
C2 | -29.98199 | -8.04299 | -0.76717
N3 | -30.10339 | -7.27615 | 0.31761
C4 | -29.79224 | -6.00327 | 0.01988
P | -26.08743 | -4.77093 | 4.80838
OP1 | -25.5626 | -4.84658 | 6.19896
OP2 | -25.43571 | -3.80744 | 3.86822
O5' | -25.97962 | -6.22626 | 4.16828
C5' | -26.48029 | -7.3841 | 4.83642
C4' | -26.36111 | -8.5699 | 3.9145
O4' | -27.19046 | -8.38079 | 2.74269
C3' | -24.98316 | -8.82035 | 3.31486
O3' | -24.11228 | -9.48815 | 4.21183
C2' | -25.30586 | -9.67643 | 2.10585
O2' | -25.63187 | -10.99059 | 2.50821
C1' | -26.57758 | -9.00425 | 1.61713
N1 | -26.36217 | -7.9709 | 0.58722
C2 | -26.18714 | -8.45626 | -0.71555
O2 | -26.22985 | -9.6878 | -0.86273
N3 | -25.99717 | -7.58019 | -1.72453
C4 | -25.96684 | -6.26419 | -1.4971
N4 | -25.79029 | -5.44032 | -2.53287
C5 | -26.13996 | -5.74479 | -0.18046
C6 | -26.33843 | -6.62779 | 0.81218
