41
A_A_25-C_A_14-1l2x.pdb
OP1A | -28.8034 | 4.78734 | -13.18053
OP1B | -23.87189 | 2.06492 | -12.44623
OP2A | -27.98258 | 7.11653 | -12.53624
OP2B | -26.44826 | 1.75354 | -12.51179
C4' | -27.09398 | 3.28583 | -9.68862
O4' | -26.22295 | 3.69313 | -8.60611
C3' | -28.49287 | 3.61683 | -9.19913
O3' | -29.46689 | 2.79107 | -9.80619
C2' | -28.37969 | 3.35526 | -7.70973
O2' | -28.40984 | 1.95122 | -7.49336
C1' | -26.96627 | 3.78751 | -7.39822
N1 | -26.81659 | 5.17476 | -6.91265
C2 | -27.16268 | 5.4136 | -5.58045
O2 | -27.62979 | 4.46382 | -4.93161
N3 | -27.00321 | 6.65762 | -5.07616
C4 | -26.49537 | 7.62006 | -5.84356
N4 | -26.35723 | 8.83846 | -5.32034
C5 | -26.12597 | 7.39811 | -7.19558
C6 | -26.28438 | 6.16322 | -7.68271
P | -30.39756 | -4.80832 | 2.23664
OP1 | -30.20697 | -6.28626 | 2.30148
OP2 | -30.45616 | -4.04449 | 3.51722
O5' | -29.21891 | -4.19794 | 1.3628
C5' | -28.39582 | -5.07197 | 0.57927
C4' | -28.93477 | -5.13825 | -0.82429
O4' | -29.7425 | -3.9779 | -1.12492
C3' | -27.87548 | -5.12299 | -1.92105
O3' | -27.34811 | -6.42266 | -2.11298
C2' | -28.64348 | -4.60584 | -3.11363
O2' | -29.46617 | -5.59232 | -3.68921
C1' | -29.54679 | -3.57225 | -2.46922
N9 | -28.97996 | -2.22308 | -2.41975
C8 | -28.43752 | -1.54909 | -1.35836
N7 | -28.03716 | -0.33402 | -1.65481
C5 | -28.32327 | -0.20126 | -3.00374
C6 | -28.1386 | 0.85162 | -3.9106
N6 | -27.58221 | 2.01954 | -3.59495
N1 | -28.55224 | 0.65411 | -5.18487
C2 | -29.09823 | -0.52643 | -5.50866
N3 | -29.31958 | -1.59619 | -4.74306
C4 | -28.91399 | -1.3549 | -3.48491
