44
A_A_24-G_A_7-1l2x.pdb
P | -8.22363 | -13.31522 | -36.82747
OP1 | -9.55946 | -13.27277 | -36.17104
OP2 | -7.15959 | -12.36333 | -36.39609
O5' | -7.61249 | -14.76961 | -36.61634
C5' | -8.38544 | -15.94979 | -36.8409
C4' | -7.53888 | -17.12991 | -36.44718
O4' | -6.35454 | -17.24299 | -37.26069
C3' | -6.96682 | -17.04693 | -35.03831
O3' | -7.9815 | -17.35783 | -34.10042
C2' | -5.83829 | -18.04867 | -35.11123
O2' | -6.34662 | -19.37174 | -35.09976
C1' | -5.26615 | -17.75163 | -36.49116
N9 | -4.19746 | -16.75428 | -36.5074
C8 | -4.30245 | -15.3984 | -36.69504
N7 | -3.15185 | -14.77796 | -36.65529
C5 | -2.22322 | -15.78364 | -36.42329
C6 | -0.81674 | -15.73751 | -36.29132
O6 | -0.05203 | -14.76671 | -36.33407
N1 | -0.28685 | -17.00566 | -36.07029
C2 | -1.001 | -18.16819 | -35.98627
N2 | -0.29024 | -19.28468 | -35.76912
N3 | -2.31497 | -18.23028 | -36.12345
C4 | -2.85592 | -17.00911 | -36.3331
OP1A | -9.13649 | -27.77726 | -32.70657
OP1B | -9.23863 | -27.62485 | -32.74063
OP2A | -8.70804 | -25.32851 | -33.26836
OP2B | -8.6826 | -25.27984 | -33.57463
C4' | -4.91627 | -28.29726 | -34.09025
O4' | -4.66737 | -27.48009 | -35.25859
C3' | -4.03082 | -27.66968 | -33.02126
O3' | -3.6404 | -28.59946 | -32.01154
C2' | -2.82748 | -27.17358 | -33.79117
O2' | -1.9072 | -28.19961 | -34.0599
C1' | -3.46793 | -26.7315 | -35.09323
N9 | -3.80744 | -25.3111 | -35.07672
C8 | -5.03838 | -24.74321 | -34.86415
N7 | -5.0227 | -23.43056 | -34.90715
C5 | -3.68776 | -23.11832 | -35.14375
C6 | -3.0099 | -21.89143 | -35.27662
N6 | -3.61267 | -20.70562 | -35.20254
N1 | -1.67903 | -21.92627 | -35.50595
C2 | -1.07972 | -23.126 | -35.57338
N3 | -1.60146 | -24.34055 | -35.44668
C4 | -2.92549 | -24.2651 | -35.23165
