40
C_A_17-A_A_21-1l2x.pdb
P | -15.5712 | -17.13993 | 26.01488
OP1 | -16.13931 | -18.38959 | 26.60435
OP2 | -16.04382 | -15.81923 | 26.47302
O5' | -13.98469 | -17.1595 | 26.19758
C5' | -13.32335 | -16.47638 | 27.24816
C4' | -11.89513 | -16.2206 | 26.82871
O4' | -11.85216 | -15.27888 | 25.72764
C3' | -11.01631 | -15.58725 | 27.89953
O3' | -10.50498 | -16.57359 | 28.78476
C2' | -9.94802 | -14.89949 | 27.08508
O2' | -8.99042 | -15.82336 | 26.63687
C1' | -10.72639 | -14.4243 | 25.86757
N1 | -11.2154 | -13.03661 | 25.97273
C2 | -10.24544 | -12.02608 | 25.92171
O2 | -9.0565 | -12.34862 | 25.82613
N3 | -10.65098 | -10.74409 | 25.99414
C4 | -11.94103 | -10.43985 | 26.07983
N4 | -12.25094 | -9.14162 | 26.13989
C5 | -12.94587 | -11.44409 | 26.10459
C6 | -12.5381 | -12.71514 | 26.0469
P | -6.7282 | -16.93556 | 22.77954
OP1 | -5.42327 | -16.61753 | 22.15188
OP2 | -7.9606 | -16.28183 | 22.25157
O5' | -6.97096 | -18.50875 | 22.59419
C5' | -5.95513 | -19.47276 | 22.85013
C4' | -6.58187 | -20.8377 | 22.95102
O4' | -7.56139 | -20.85955 | 24.03134
C2' | -8.21148 | -22.41842 | 22.34742
O2' | -7.45998 | -23.57814 | 22.64827
C1' | -8.589 | -21.79269 | 23.68826
N9 | -9.86503 | -21.07647 | 23.66855
C8 | -10.14408 | -19.73743 | 23.60468
N7 | -11.42718 | -19.46223 | 23.61266
C5 | -12.03419 | -20.70655 | 23.72336
C6 | -13.37566 | -21.10878 | 23.79358
N6 | -14.39863 | -20.25648 | 23.77394
N1 | -13.63652 | -22.42995 | 23.89827
C2 | -12.6056 | -23.28579 | 23.91561
N3 | -11.29995 | -23.03612 | 23.85004
C4 | -11.08708 | -21.70822 | 23.76435
