40
C_A_5-C_A_17-1l2x.pdb
P | -15.55467 | 17.25708 | -20.29506
OP1 | -16.0723 | 16.57771 | -19.07479
OP2 | -14.13474 | 17.035 | -20.68763
O5' | -16.45383 | 16.84379 | -21.53843
C5' | -17.87384 | 16.98982 | -21.44009
C4' | -18.48356 | 16.70338 | -22.78299
O4' | -18.04367 | 17.65608 | -23.78392
C3' | -18.10298 | 15.35816 | -23.41261
O3' | -18.75834 | 14.27581 | -22.77568
C2' | -18.53847 | 15.59958 | -24.84578
O2' | -19.96195 | 15.63599 | -24.89552
C1' | -18.01611 | 17.01283 | -25.05074
N1 | -16.62825 | 17.06264 | -25.53491
C2 | -16.39245 | 16.84351 | -26.89237
O2 | -17.36831 | 16.65398 | -27.6245
N3 | -15.13115 | 16.90364 | -27.36956
C4 | -14.11742 | 17.12991 | -26.53402
N4 | -12.88244 | 17.16836 | -27.02703
C5 | -14.34609 | 17.34012 | -25.1522
C6 | -15.58642 | 17.29992 | -24.68388
P | -16.26756 | 18.23507 | -37.94742
OP1 | -17.00308 | 18.46972 | -39.2264
OP2 | -15.13669 | 19.1042 | -37.56897
O5' | -17.3114 | 18.27102 | -36.73915
C5' | -17.51601 | 19.41881 | -35.9339
C4' | -18.08878 | 18.9776 | -34.60783
O4' | -17.11034 | 18.20827 | -33.86498
C3' | -18.46969 | 20.11171 | -33.66505
O3' | -19.76101 | 20.61641 | -33.97443
C2' | -18.39105 | 19.45382 | -32.30911
O2' | -19.5321 | 18.67226 | -32.06706
C1' | -17.21609 | 18.50281 | -32.47958
N1 | -15.92549 | 19.05769 | -32.02979
C2 | -15.76638 | 19.23019 | -30.64793
O2 | -16.70862 | 18.94417 | -29.90154
N3 | -14.59553 | 19.71546 | -30.19316
C4 | -13.60162 | 19.99502 | -31.0287
N4 | -12.47424 | 20.46543 | -30.4876
C5 | -13.72714 | 19.80234 | -32.43081
C6 | -14.89553 | 19.33415 | -32.87898
