43
C_A_17-G_A_6-1l2x.pdb
P | 0.37507 | -16.13487 | 27.53945
OP1 | 1.73435 | -16.12333 | 26.92685
OP2 | -0.6342 | -15.18357 | 27.02025
O5' | -0.23544 | -17.59699 | 27.42353
C5' | 0.5162 | -18.72616 | 27.89194
C4' | -0.38658 | -19.92024 | 28.00863
O4' | -1.47984 | -19.65451 | 28.92303
C3' | -1.11119 | -20.32666 | 26.73166
O3' | -0.29567 | -21.04413 | 25.83321
C2' | -2.22262 | -21.20018 | 27.27442
O2' | -1.67955 | -22.43307 | 27.71969
C1' | -2.6266 | -20.39003 | 28.48457
N9 | -3.67697 | -19.41511 | 28.21781
C8 | -3.58441 | -18.05433 | 28.11112
N7 | -4.7343 | -17.4934 | 27.86584
C5 | -5.64244 | -18.53722 | 27.82765
C6 | -7.04224 | -18.56531 | 27.60908
O6 | -7.76924 | -17.58701 | 27.40501
N1 | -7.57773 | -19.85066 | 27.65698
C2 | -6.82755 | -20.98769 | 27.86745
N2 | -7.50163 | -22.14961 | 27.87207
N3 | -5.5239 | -20.98421 | 28.07792
C4 | -5.00565 | -19.73696 | 28.0417
P | -10.82496 | -25.01454 | 35.3083
OP1 | -11.01573 | -26.24102 | 36.13969
OP2 | -11.70029 | -23.84208 | 35.49972
O5' | -9.31953 | -24.50811 | 35.47569
C5' | -8.95317 | -23.46607 | 36.3632
C4' | -7.65071 | -22.86747 | 35.88733
O4' | -7.83902 | -22.18808 | 34.62084
C3' | -7.06341 | -21.80079 | 36.80243
O3' | -6.32305 | -22.3921 | 37.8608
C2' | -6.21416 | -20.9866 | 35.8572
O2' | -4.99881 | -21.63777 | 35.59199
C1' | -7.03562 | -21.01764 | 34.57727
N1 | -7.92854 | -19.85556 | 34.40961
C2 | -7.31084 | -18.62455 | 34.14946
O2 | -6.07686 | -18.57646 | 34.10818
N3 | -8.09049 | -17.54145 | 33.96989
C4 | -9.41457 | -17.63968 | 34.00611
N4 | -10.10755 | -16.51431 | 33.81025
C5 | -10.06598 | -18.88063 | 34.23961
C6 | -9.28831 | -19.95002 | 34.43143
