43
C_A_17-G_A_4-1l2x.pdb
P | -8.7779 | -12.48088 | 24.22026
OP1 | -7.72041 | -12.2591 | 23.21508
OP2 | -10.19311 | -12.11282 | 23.94709
O5' | -8.76405 | -14.05052 | 24.56922
C5' | -7.54441 | -14.62538 | 25.06913
C4' | -7.78006 | -16.05179 | 25.47624
O4' | -8.70188 | -16.08113 | 26.59335
C3' | -8.45307 | -16.96664 | 24.45724
O3' | -7.52295 | -17.40972 | 23.48953
C2' | -8.97484 | -18.07274 | 25.35306
O2' | -7.9021 | -18.82751 | 25.90261
C1' | -9.51327 | -17.24486 | 26.50822
N9 | -10.89693 | -16.81431 | 26.33827
C8 | -11.39124 | -15.5657 | 26.08241
N7 | -12.6949 | -15.55859 | 26.01189
C5 | -13.0879 | -16.87048 | 26.2336
C6 | -14.37035 | -17.47622 | 26.27421
O6 | -15.49678 | -16.97101 | 26.11457
N1 | -14.28351 | -18.83968 | 26.53126
C2 | -13.11568 | -19.53717 | 26.71626
N2 | -13.23703 | -20.85486 | 26.95241
N3 | -11.91133 | -18.99055 | 26.69183
C4 | -11.97673 | -17.66453 | 26.447
P | -22.88488 | -25.43607 | 27.72188
OP1 | -23.61301 | -26.51683 | 28.45239
OP2 | -22.99428 | -24.0332 | 28.1663
O5' | -21.32941 | -25.79662 | 27.68594
C5' | -20.39197 | -25.24847 | 28.59615
C4' | -19.01893 | -25.32073 | 27.97109
O4' | -18.93828 | -24.4385 | 26.82383
C3' | -17.87896 | -24.86805 | 28.87424
O3' | -17.46502 | -25.92001 | 29.73446
C2' | -16.81968 | -24.45011 | 27.88387
O2' | -16.15598 | -25.57134 | 27.36064
C1' | -17.64867 | -23.84679 | 26.76015
N1 | -17.81124 | -22.38371 | 26.85399
C2 | -16.66695 | -21.61059 | 26.61416
O2 | -15.60059 | -22.1869 | 26.37444
N3 | -16.77609 | -20.26963 | 26.67007
C4 | -17.94548 | -19.68937 | 26.91491
N4 | -17.96056 | -18.35373 | 26.94455
C5 | -19.12596 | -20.44939 | 27.1332
C6 | -19.0102 | -21.77979 | 27.09095
