40
C_A_8-C_A_8-1l2x.pdb
P | -5.73832 | -15.75067 | -43.68853
P | -5.73832 | -15.75067 | -43.68853
OP1 | -6.56551 | -16.81719 | -43.0545
OP1 | -6.56551 | -16.81719 | -43.0545
OP2 | -6.01573 | -14.33211 | -43.36875
OP2 | -6.01573 | -14.33211 | -43.36875
O5' | -4.22336 | -16.08076 | -43.36511
O5' | -4.22336 | -16.08076 | -43.36511
C5' | -3.44144 | -15.46675 | -42.34733
C5' | -3.44144 | -15.46675 | -42.34733
C4' | -2.10107 | -16.15238 | -42.40245
C4' | -2.10107 | -16.15238 | -42.40245
O4' | -1.37395 | -15.75434 | -43.59734
O4' | -1.37395 | -15.75434 | -43.59734
C3' | -1.11947 | -15.81616 | -41.28613
C3' | -1.11947 | -15.81616 | -41.28613
O3' | -1.50187 | -16.44398 | -40.07222
O3' | -1.50187 | -16.44398 | -40.07222
C2' | 0.16175 | -16.32557 | -41.91817
C2' | 0.16175 | -16.32557 | -41.91817
O2' | 0.17549 | -17.71874 | -41.84948
O2' | 0.17549 | -17.71874 | -41.84948
C1' | 0.00667 | -15.8443 | -43.37218
C1' | 0.00667 | -15.8443 | -43.37218
N1 | 0.668 | -14.54318 | -43.50215
N1 | 0.668 | -14.54318 | -43.50215
C2 | 2.06442 | -14.54581 | -43.48535
C2 | 2.06442 | -14.54581 | -43.48535
O2 | 2.6303 | -15.64545 | -43.42042
O2 | 2.6303 | -15.64545 | -43.42042
N3 | 2.72902 | -13.37337 | -43.50818
N3 | 2.72902 | -13.37337 | -43.50818
C4 | 2.04882 | -12.22348 | -43.50818
C4 | 2.04882 | -12.22348 | -43.50818
N4 | 2.75955 | -11.09543 | -43.57448
N4 | 2.75955 | -11.09543 | -43.57448
C5 | 0.62631 | -12.18795 | -43.53773
C5 | 0.62631 | -12.18795 | -43.53773
C6 | -0.01571 | -13.36644 | -43.50747
C6 | -0.01571 | -13.36644 | -43.50747
