42
C_A_8-G_A_12-1l2x.pdb
P | -15.96225 | -14.22171 | -43.57598
OP1 | -16.99106 | -15.07366 | -42.91307
OP2 | -15.92406 | -12.77116 | -43.28274
O5' | -14.5496 | -14.86417 | -43.25926
C5' | -13.64081 | -14.41456 | -42.26115
C4' | -12.47999 | -15.37342 | -42.3141
O4' | -11.69989 | -15.16275 | -43.52322
C3' | -11.43463 | -15.23624 | -41.21356
O3' | -11.92724 | -15.74511 | -39.98379
C2' | -10.30119 | -16.0207 | -41.84636
O2' | -10.58637 | -17.38272 | -41.74942
C1' | -10.36808 | -15.5436 | -43.30846
N1 | -9.44427 | -14.41781 | -43.47075
C2 | -8.08096 | -14.72055 | -43.46621
O2 | -7.7639 | -15.91484 | -43.38388
N3 | -7.18022 | -13.71919 | -43.51879
C4 | -7.59728 | -12.45006 | -43.53623
N4 | -6.6616 | -11.50275 | -43.63179
C5 | -8.97916 | -12.10982 | -43.55396
C6 | -9.85905 | -13.12182 | -43.49402
P | -3.21272 | -6.41781 | -43.54431
OP1 | -2.68682 | -5.21693 | -44.25601
OP2 | -4.5264 | -6.97902 | -43.95956
O5' | -2.14919 | -7.59691 | -43.70711
C5' | -0.77799 | -7.31937 | -43.38692
C4' | 0.02135 | -8.58397 | -43.54805
O4' | -0.47713 | -9.57936 | -42.61793
C3' | -0.06739 | -9.29499 | -44.8905
C2' | 0.37331 | -10.6976 | -44.52518
O2' | 1.77825 | -10.77163 | -44.3495
C1' | -0.25401 | -10.88086 | -43.15646
N9 | -1.54384 | -11.56868 | -43.18052
C8 | -2.79336 | -11.01544 | -43.18663
N7 | -3.74487 | -11.91142 | -43.20587
C5 | -3.07154 | -13.12896 | -43.22406
C6 | -3.55444 | -14.4604 | -43.24995
O6 | -4.72329 | -14.86475 | -43.27127
N1 | -2.50593 | -15.36982 | -43.26471
C2 | -1.17021 | -15.07068 | -43.25013
N2 | -0.33055 | -16.11898 | -43.26714
N3 | -0.70268 | -13.8367 | -43.22466
C4 | -1.70623 | -12.92951 | -43.20722
