40
C_A_10-C_A_10-1l2x.pdb
P | -11.71232 | 31.06641 | 44.01829
P | -11.71232 | 31.06641 | 44.01829
OP1 | -13.01379 | 30.59752 | 44.5572
OP1 | -13.01379 | 30.59752 | 44.5572
OP2 | -10.91533 | 32.07628 | 44.77557
OP2 | -10.91533 | 32.07628 | 44.77557
O5' | -10.70645 | 29.85001 | 43.76153
O5' | -10.70645 | 29.85001 | 43.76153
C5' | -11.1619 | 28.57959 | 43.30998
C5' | -11.1619 | 28.57959 | 43.30998
C4' | -10.00304 | 27.62069 | 43.24927
C4' | -10.00304 | 27.62069 | 43.24927
O4' | -9.10439 | 27.95002 | 42.15872
O4' | -9.10439 | 27.95002 | 42.15872
C3' | -9.09462 | 27.6279 | 44.47323
C3' | -9.09462 | 27.6279 | 44.47323
O3' | -9.65879 | 26.89194 | 45.54246
O3' | -9.65879 | 26.89194 | 45.54246
C2' | -7.83687 | 27.00644 | 43.90869
C2' | -7.83687 | 27.00644 | 43.90869
O2' | -8.02823 | 25.63211 | 43.711
O2' | -8.02823 | 25.63211 | 43.711
C1' | -7.7578 | 27.69444 | 42.55534
C1' | -7.7578 | 27.69444 | 42.55534
N1 | -7.03722 | 28.97606 | 42.56686
N1 | -7.03722 | 28.97606 | 42.56686
C2 | -5.63812 | 28.97891 | 42.55701
C2 | -5.63812 | 28.97891 | 42.55701
O2 | -5.04427 | 27.89207 | 42.57288
O2 | -5.04427 | 27.89207 | 42.57288
N3 | -4.97689 | 30.15679 | 42.56886
N3 | -4.97689 | 30.15679 | 42.56886
C4 | -5.62956 | 31.31436 | 42.56886
C4 | -5.62956 | 31.31436 | 42.56886
N4 | -4.91992 | 32.44341 | 42.57713
N4 | -4.91992 | 32.44341 | 42.57713
C5 | -7.05273 | 31.34105 | 42.58023
C5 | -7.05273 | 31.34105 | 42.58023
C6 | -7.69827 | 30.17357 | 42.57134
C6 | -7.69827 | 30.17357 | 42.57134
