43
C_A_15-G_A_16-1l2x.pdb
P | 0.3961 | 13.72433 | 36.2774
OP1 | -0.19601 | 13.44718 | 37.61578
OP2 | 0.34512 | 15.0821 | 35.66534
O5' | 1.95256 | 13.35146 | 36.3856
C5' | 2.37187 | 12.13534 | 37.02103
C4' | 3.87787 | 12.05573 | 37.00563
O4' | 4.38698 | 11.86016 | 35.66741
C3' | 4.58634 | 13.32589 | 37.46158
O3' | 4.60689 | 13.45674 | 38.86668
C2' | 5.97086 | 13.11275 | 36.88631
O2' | 6.60809 | 12.02899 | 37.54525
C1' | 5.61302 | 12.59867 | 35.51021
N1 | 5.39523 | 13.60359 | 34.45124
C2 | 6.52574 | 14.02627 | 33.73939
O2 | 7.63908 | 13.61013 | 34.08706
N3 | 6.38929 | 14.89728 | 32.71847
C4 | 5.17077 | 15.31202 | 32.36147
N4 | 5.0773 | 16.19385 | 31.36507
C5 | 3.99785 | 14.91894 | 33.06582
C6 | 4.16222 | 14.04793 | 34.06694
P | 4.68065 | 14.94968 | 39.49967
OP1 | 4.69298 | 14.78003 | 40.98341
OP2 | 3.65973 | 15.83062 | 38.87777
O5' | 6.09876 | 15.48945 | 39.02836
C5' | 7.28134 | 14.83087 | 39.49883
C4' | 8.50017 | 15.38637 | 38.81987
O4' | 8.4559 | 15.1785 | 37.39124
C3' | 8.68552 | 16.90153 | 38.93783
O3' | 9.16672 | 17.23011 | 40.22172
C2' | 9.67299 | 17.17619 | 37.83583
O2' | 10.98428 | 16.71781 | 38.20122
C1' | 9.15527 | 16.24387 | 36.74758
N9 | 8.21586 | 16.86557 | 35.81561
C8 | 6.85222 | 16.81475 | 35.81735
N7 | 6.30584 | 17.48074 | 34.82781
C5 | 7.3872 | 18.00341 | 34.13349
C6 | 7.45252 | 18.81913 | 32.97839
O6 | 6.52153 | 19.26002 | 32.29266
N1 | 8.76566 | 19.11747 | 32.62766
C2 | 9.88372 | 18.6952 | 33.29617
N2 | 11.06487 | 19.09614 | 32.78877
N3 | 9.83194 | 17.93789 | 34.3713
C4 | 8.5749 | 17.63185 | 34.7283
