42
C_A_8-A_A_9-1l2x.pdb
P | 15.18062 | 53.46606 | -12.20283
OP1 | 13.8951 | 53.75936 | -11.50631
OP2 | 16.16076 | 52.55929 | -11.56359
O5' | 14.8165 | 52.92166 | -13.64495
C5' | 14.80389 | 51.55327 | -14.03433
C4' | 14.34602 | 51.54864 | -15.46961
O4' | 15.38463 | 52.08065 | -16.33744
C3' | 14.06023 | 50.18496 | -16.08725
O3' | 12.8411 | 49.65283 | -15.59279
C2' | 14.06637 | 50.56899 | -17.55456
O2' | 12.87515 | 51.23089 | -17.85237
C1' | 15.26621 | 51.53112 | -17.62154
N1 | 16.45526 | 50.76265 | -17.99942
C2 | 16.52622 | 50.33004 | -19.32536
O2 | 15.61281 | 50.67677 | -20.08634
N3 | 17.54917 | 49.54138 | -19.71061
C4 | 18.46126 | 49.15107 | -18.81579
N4 | 19.4744 | 48.40631 | -19.26402
C5 | 18.4231 | 49.58473 | -17.46075
C6 | 17.39233 | 50.36376 | -17.09667
P | 12.64799 | 48.05933 | -15.48741
OP1 | 13.09029 | 47.43478 | -16.7795
OP2 | 11.255 | 47.81057 | -15.05025
O5' | 13.64675 | 47.55902 | -14.36972
C5' | 13.62134 | 48.06379 | -13.04115
C4' | 13.74902 | 46.94372 | -12.04628
O4' | 12.61632 | 46.03572 | -12.1913
C3' | 14.95253 | 46.02218 | -12.17441
O3' | 16.0956 | 46.56512 | -11.54249
C2' | 14.48495 | 44.756 | -11.48692
O2' | 14.4977 | 44.88579 | -10.08542
C1' | 13.02574 | 44.70204 | -11.90665
N9 | 12.78324 | 43.91689 | -13.11438
C8 | 12.19264 | 44.31384 | -14.28242
N7 | 12.11841 | 43.36081 | -15.1822
C5 | 12.67119 | 42.25343 | -14.5529
C6 | 12.86879 | 40.92464 | -14.95839
N6 | 12.53463 | 40.42933 | -16.15178
N1 | 13.44809 | 40.07551 | -14.07886
C2 | 13.79611 | 40.54599 | -12.87547
N3 | 13.66793 | 41.77402 | -12.37635
C4 | 13.08252 | 42.58516 | -13.27116
