43
C_A_3-G_A_4-1l2x.pdb
P | 12.14409 | 31.50059 | 2.72531
OP1 | 11.61904 | 30.10451 | 2.78977
OP2 | 12.04693 | 32.33862 | 3.95506
O5' | 13.68667 | 31.41087 | 2.33978
C5' | 14.08303 | 30.69549 | 1.17136
C4' | 15.58272 | 30.78778 | 1.04982
O4' | 16.02384 | 32.15646 | 0.82744
C3' | 16.36388 | 30.37772 | 2.29296
O3' | 16.45662 | 28.96628 | 2.43262
C2' | 17.71071 | 31.01491 | 2.03656
O2' | 18.4232 | 30.27107 | 1.09105
C1' | 17.28778 | 32.35126 | 1.45275
N1 | 17.1324 | 33.40503 | 2.46974
C2 | 18.30211 | 33.96227 | 3.00111
O2 | 19.39392 | 33.54792 | 2.57981
N3 | 18.20069 | 34.94508 | 3.92433
C4 | 17.0117 | 35.35122 | 4.35541
N4 | 16.96129 | 36.30974 | 5.28286
C5 | 15.79905 | 34.78519 | 3.85616
C6 | 15.91657 | 33.83779 | 2.91567
P | 16.47438 | 28.35283 | 3.935
OP1 | 16.49497 | 26.88022 | 3.84087
OP2 | 15.48058 | 29.05883 | 4.78755
O5' | 17.93059 | 28.8052 | 4.44545
C5' | 19.07472 | 28.42321 | 3.66254
C4' | 20.31295 | 29.06695 | 4.21778
O4' | 20.20988 | 30.50405 | 4.06717
C3' | 20.57654 | 28.90068 | 5.71147
O3' | 21.13029 | 27.62921 | 5.98468
C2' | 21.52993 | 30.05004 | 5.9726
O2' | 22.77949 | 29.82696 | 5.33128
C1' | 20.85424 | 31.14295 | 5.16099
N9 | 19.84429 | 31.89445 | 5.89855
C8 | 18.48349 | 31.87598 | 5.76915
N7 | 17.9004 | 32.70199 | 6.59515
C5 | 18.92695 | 33.30177 | 7.31009
C6 | 18.91319 | 34.27549 | 8.34203
O6 | 17.95119 | 34.85132 | 8.88291
N1 | 20.19923 | 34.58454 | 8.77009
C2 | 21.35252 | 34.02474 | 8.27906
N2 | 22.50427 | 34.45279 | 8.82409
N3 | 21.38807 | 33.12324 | 7.31166
C4 | 20.14677 | 32.81358 | 6.88058
