43
C_A_26-G_A_27-1l2x.pdb
P | -11.91489 | -47.69342 | -4.28521
OP1 | -12.47099 | -47.36036 | -2.94554
OP2 | -12.02359 | -46.66108 | -5.36196
O5' | -10.37144 | -48.04261 | -4.09771
C5' | -9.92236 | -48.97682 | -3.11625
C4' | -8.44172 | -49.1948 | -3.29075
O4' | -8.17038 | -49.7924 | -4.58149
C3' | -7.5748 | -47.94217 | -3.31077
O3' | -7.30238 | -47.44778 | -2.01065
C2' | -6.31538 | -48.42985 | -3.99977
O2' | -5.55401 | -49.23119 | -3.12036
C1' | -6.91052 | -49.3344 | -5.0654
N1 | -7.13578 | -48.67592 | -6.36563
C2 | -6.00081 | -48.56118 | -7.17933
O2 | -4.94009 | -49.0183 | -6.72533
N3 | -6.11693 | -47.98341 | -8.39354
C4 | -7.29191 | -47.51576 | -8.82391
N4 | -7.35491 | -46.96627 | -10.03917
C5 | -8.46128 | -47.61809 | -8.01436
C6 | -8.3329 | -48.20468 | -6.81275
P | -7.2422 | -45.85683 | -1.77563
OP1 | -7.23809 | -45.65742 | -0.29921
OP2 | -8.24465 | -45.1292 | -2.58906
O5' | -5.79276 | -45.47256 | -2.32508
C5' | -4.65709 | -46.04846 | -1.6695
C4' | -3.41151 | -45.67179 | -2.41262
O4' | -3.41459 | -46.27977 | -3.73086
C3' | -3.23946 | -44.18837 | -2.70674
O3' | -2.73505 | -43.50291 | -1.57031
C2' | -2.27496 | -44.19361 | -3.87277
O2' | -0.95142 | -44.51782 | -3.41726
C1' | -2.71968 | -45.41782 | -4.64516
N9 | -3.65725 | -45.19032 | -5.74073
C8 | -5.01894 | -45.32767 | -5.7284
N7 | -5.57758 | -45.04658 | -6.87662
C5 | -4.51215 | -44.71458 | -7.7011
C6 | -4.49174 | -44.33324 | -9.06593
O6 | -5.44352 | -44.19696 | -9.85649
N1 | -3.18868 | -44.09426 | -9.49009
C2 | -2.06137 | -44.18856 | -8.71553
N2 | -0.88217 | -43.91523 | -9.29519
N3 | -2.06829 | -44.55718 | -7.44264
C4 | -3.32195 | -44.79666 | -7.01227
