43
C_A_11-G_A_27-1l2x.pdb
P | -4.92911 | 17.29672 | 46.82593
OP1 | -5.50171 | 16.30028 | 47.77141
OP2 | -4.86713 | 18.72717 | 47.23997
O5' | -3.41865 | 16.90259 | 46.50813
C5' | -3.09025 | 15.59236 | 46.0413
C4' | -1.61819 | 15.55061 | 45.73104
O4' | -1.31002 | 16.44388 | 44.62933
C3' | -0.68312 | 16.02459 | 46.83843
O3' | -0.51382 | 15.02359 | 47.81964
C2' | 0.58649 | 16.32133 | 46.07615
O2' | 1.16913 | 15.09496 | 45.63712
C1' | -0.01104 | 16.99105 | 44.84755
N1 | -0.15149 | 18.45254 | 44.99036
C2 | 1.03532 | 19.18785 | 44.88004
O2 | 2.09832 | 18.55828 | 44.70864
N3 | 0.95069 | 20.52889 | 44.94885
C4 | -0.22743 | 21.12759 | 45.14827
N4 | -0.24245 | 22.45749 | 45.23968
C5 | -1.44748 | 20.39574 | 45.25518
C6 | -1.3489 | 19.06442 | 45.18153
P | 8.83862 | 28.79577 | 42.91378
OP1 | 10.09931 | 29.24539 | 42.25947
OP2 | 7.54506 | 29.14025 | 42.27813
O5' | 8.90425 | 27.20701 | 43.06207
C5' | 10.08617 | 26.63958 | 43.6385
C4' | 9.89496 | 25.1632 | 43.80975
O4' | 8.85544 | 24.90571 | 44.78981
C3' | 9.41428 | 24.41081 | 42.57706
O3' | 10.4948 | 24.14032 | 41.69669
C2' | 8.80598 | 23.15927 | 43.17164
O2' | 9.84275 | 22.27266 | 43.62263
C1' | 8.17903 | 23.68692 | 44.44505
N9 | 6.76516 | 24.04338 | 44.37449
C8 | 6.21563 | 25.28326 | 44.19028
N7 | 4.90832 | 25.27217 | 44.17256
C5 | 4.57669 | 23.93949 | 44.37034
C6 | 3.30878 | 23.31262 | 44.45998
O6 | 2.17529 | 23.81961 | 44.37273
N1 | 3.45045 | 21.94469 | 44.669
C2 | 4.63725 | 21.26464 | 44.76225
N2 | 4.5818 | 19.93857 | 44.96144
N3 | 5.82756 | 21.84307 | 44.69332
C4 | 5.71279 | 23.1702 | 44.4939
