43
C_A_5-G_A_4-1l2x.pdb
P | 21.24989 | 22.69776 | 13.07294
OP1 | 20.69593 | 21.83245 | 12.01359
OP2 | 20.92564 | 22.4682 | 14.50649
O5' | 22.85083 | 22.6259 | 12.94038
C5' | 23.44777 | 23.01168 | 11.69029
C4' | 24.94416 | 23.02229 | 11.81929
O4' | 25.33269 | 24.05164 | 12.76163
C3' | 25.60447 | 21.77162 | 12.39206
O3' | 25.70916 | 20.7636 | 11.40674
C2' | 26.94189 | 22.32449 | 12.8435
O2' | 27.73555 | 22.70484 | 11.72641
C1' | 26.48818 | 23.63073 | 13.47404
N9 | 26.12871 | 23.51838 | 14.88362
C8 | 24.89566 | 23.57534 | 15.47115
N7 | 24.96398 | 23.45205 | 16.76911
C5 | 26.31271 | 23.30679 | 17.05982
C6 | 26.99835 | 23.13191 | 18.28968
O6 | 26.55127 | 23.06024 | 19.44923
N1 | 28.37149 | 23.02832 | 18.0989
C2 | 29.00726 | 23.07616 | 16.88315
N2 | 30.34583 | 22.95523 | 16.90304
N3 | 28.38837 | 23.24783 | 15.72671
C4 | 27.05292 | 23.35437 | 15.89337
P | 25.66265 | 19.21813 | 11.8414
OP1 | 25.49911 | 18.42945 | 10.5885
OP2 | 24.69905 | 18.9958 | 12.9557
O5' | 27.11904 | 18.96634 | 12.4252
C5' | 28.24683 | 19.14424 | 11.56273
C4' | 29.503 | 19.02027 | 12.37751
O4' | 29.59154 | 20.05976 | 13.38478
C3' | 29.63251 | 17.73832 | 13.20861
O3' | 29.93094 | 16.61505 | 12.39875
C2' | 30.74705 | 18.14324 | 14.15506
O2' | 31.96626 | 18.22798 | 13.42265
C1' | 30.3012 | 19.55372 | 14.50712
N1 | 29.39116 | 19.61228 | 15.661
C2 | 29.93942 | 19.53104 | 16.94128
O2 | 31.16745 | 19.44984 | 17.03922
N3 | 29.13106 | 19.60297 | 18.01998
C4 | 27.81272 | 19.70858 | 17.85332
N4 | 27.03676 | 19.76144 | 18.93258
C5 | 27.24614 | 19.77817 | 16.55715
C6 | 28.03998 | 19.72635 | 15.4958
