43
C_A_17-G_A_18-1l2x.pdb
P | -22.8849 | 15.37963 | 30.9814
OP1 | -23.60266 | 15.74426 | 32.23986
OP2 | -23.04115 | 16.20647 | 29.7692
O5' | -21.32027 | 15.28914 | 31.28882
C5' | -20.41977 | 16.34729 | 31.01104
C4' | -19.03044 | 15.77063 | 30.87532
O4' | -18.94446 | 14.92992 | 29.69767
C3' | -17.92491 | 16.80072 | 30.68333
O3' | -17.50524 | 17.333 | 31.93173
C2' | -16.85281 | 16.0063 | 29.97828
O2' | -16.14792 | 15.20243 | 30.88841
C1' | -17.66931 | 15.07955 | 29.09033
N1 | -17.87166 | 15.58666 | 27.72002
C2 | -16.7421 | 15.61561 | 26.89065
O2 | -15.65574 | 15.25275 | 27.35419
N3 | -16.88699 | 16.05282 | 25.62532
C4 | -18.07655 | 16.41854 | 25.16128
N4 | -18.12667 | 16.83198 | 23.89179
C5 | -19.24209 | 16.37164 | 25.97252
C6 | -19.09119 | 15.95076 | 27.23159
P | -16.91932 | 18.83512 | 31.96757
OP1 | -16.76818 | 19.19147 | 33.40694
OP2 | -17.67609 | 19.72474 | 31.05423
O5' | -15.47271 | 18.70052 | 31.3255
C5' | -14.44107 | 17.88817 | 31.8709
C4' | -13.12195 | 18.24182 | 31.24484
O4' | -13.18909 | 17.99092 | 29.81776
C3' | -12.71053 | 19.70144 | 31.33981
O3' | -11.31312 | 19.84385 | 31.35303
C2' | -13.22879 | 20.30089 | 30.05754
O2' | -12.6072 | 21.52039 | 29.71889
C1' | -12.90761 | 19.1567 | 29.08843
N9 | -13.75019 | 19.26286 | 27.91022
C8 | -15.1276 | 19.17724 | 27.91802
N7 | -15.63979 | 19.3137 | 26.72259
C5 | -14.54935 | 19.51452 | 25.89288
C6 | -14.48907 | 19.72577 | 24.49449
O6 | -15.42685 | 19.78055 | 23.69323
N1 | -13.18256 | 19.88005 | 24.04489
C2 | -12.06853 | 19.82373 | 24.83912
N2 | -10.8895 | 19.99249 | 24.2184
N3 | -12.10824 | 19.62164 | 26.14622
C4 | -13.37355 | 19.48503 | 26.61026
