40
C_A_26-C_A_8-1l2x.pdb
P | -11.0905 | -11.41112 | -44.51644
OP1 | -12.49305 | -11.43901 | -44.01068
OP2 | -10.31665 | -10.15156 | -44.43776
O5' | -10.30244 | -12.56517 | -43.77094
C5' | -9.43598 | -12.38945 | -42.6562
C4' | -8.97898 | -13.77506 | -42.28078
O4' | -8.05642 | -14.29481 | -43.27761
C3' | -8.18057 | -13.90042 | -40.98865
O3' | -9.02709 | -13.76564 | -39.85764
C2' | -7.57581 | -15.27508 | -41.20098
O2' | -8.55916 | -16.23936 | -40.97965
C1' | -7.18134 | -15.21751 | -42.68789
N1 | -5.78497 | -14.78296 | -42.77988
C2 | -4.81383 | -15.7099 | -42.3952
O2 | -5.20372 | -16.83765 | -42.06386
N3 | -3.51814 | -15.33927 | -42.36961
C4 | -3.17979 | -14.08326 | -42.67435
N4 | -1.87843 | -13.78578 | -42.67343
C5 | -4.14444 | -13.11933 | -43.08172
C6 | -5.42948 | -13.50726 | -43.09356
P | -7.68876 | -25.09048 | -37.6114
OP1 | -8.00092 | -26.18137 | -36.64839
OP2 | -7.99061 | -23.68573 | -37.19604
O5' | -6.13491 | -25.17489 | -37.95456
C5' | -5.5153 | -26.3969 | -38.35511
C4' | -4.08782 | -26.11541 | -38.74666
O4' | -4.04612 | -25.23708 | -39.89711
C3' | -3.24371 | -25.36821 | -37.72186
O3' | -2.7481 | -26.21778 | -36.7013
C2' | -2.12365 | -24.80346 | -38.57346
O2' | -1.2153 | -25.82488 | -38.92952
C1' | -2.89363 | -24.40219 | -39.82008
N1 | -3.34801 | -22.9992 | -39.82903
C2 | -2.37519 | -22.06076 | -40.19831
O2 | -1.24891 | -22.50334 | -40.47363
N3 | -2.70659 | -20.75331 | -40.24689
C4 | -3.94121 | -20.34424 | -39.94215
N4 | -4.22039 | -19.04089 | -40.02037
C5 | -4.94869 | -21.27863 | -39.56114
C6 | -4.60741 | -22.5774 | -39.52718
