40
C_A_15-C_A_15-1l2x.pdb
P | -9.56122 | -14.67107 | 36.81382
P | -9.56122 | -14.67107 | 36.81382
OP1 | -10.79088 | -15.28826 | 37.38451
OP1 | -10.79088 | -15.28826 | 37.38451
OP2 | -8.87551 | -13.52999 | 37.48351
OP2 | -8.87551 | -13.52999 | 37.48351
O5' | -8.46957 | -15.84263 | 36.71888
O5' | -8.46957 | -15.84263 | 36.71888
C5' | -8.8241 | -17.13407 | 36.20406
C5' | -8.8241 | -17.13407 | 36.20406
C4' | -7.62057 | -18.0415 | 36.25591
C4' | -7.62057 | -18.0415 | 36.25591
O4' | -6.60582 | -17.63442 | 35.31101
O4' | -6.60582 | -17.63442 | 35.31101
C3' | -6.8758 | -18.03438 | 37.58572
C3' | -6.8758 | -18.03438 | 37.58572
O3' | -7.51457 | -18.82438 | 38.56538
O3' | -7.51457 | -18.82438 | 38.56538
C2' | -5.53499 | -18.60579 | 37.17465
C2' | -5.53499 | -18.60579 | 37.17465
O2' | -5.68323 | -19.96551 | 36.79523
O2' | -5.68323 | -19.96551 | 36.79523
C1' | -5.30362 | -17.84701 | 35.88751
C1' | -5.30362 | -17.84701 | 35.88751
N1 | -4.64178 | -16.5317 | 35.99052
N1 | -4.64178 | -16.5317 | 35.99052
C2 | -3.24074 | -16.52603 | 35.96779
C2 | -3.24074 | -16.52603 | 35.96779
O2 | -2.64044 | -17.60906 | 35.95226
O2 | -2.64044 | -17.60906 | 35.95226
N3 | -2.57362 | -15.35401 | 35.99708
N3 | -2.57362 | -15.35401 | 35.99708
C4 | -3.255 | -14.20511 | 35.99708
C4 | -3.255 | -14.20511 | 35.99708
N4 | -2.56181 | -13.06692 | 36.0536
N4 | -2.56181 | -13.06692 | 36.0536
C5 | -4.67746 | -14.16548 | 36.03469
C5 | -4.67746 | -14.16548 | 36.03469
C6 | -5.31213 | -15.34172 | 35.99532
C6 | -5.31213 | -15.34172 | 35.99532
