38
C_A_14-C_A_14-1l2x.pdb
OP1A | -0.23926 | -14.36155 | 44.50883
OP1A | -0.23926 | -14.36155 | 44.50883
OP1B | -1.31561 | -15.59732 | 39.06962
OP1B | -1.31561 | -15.59732 | 39.06962
OP2A | 0.58824 | -11.97586 | 44.13767
OP2A | 0.58824 | -11.97586 | 44.13767
OP2B | -0.7703 | -16.6342 | 41.38618
OP2B | -0.7703 | -16.6342 | 41.38618
C4' | 2.35573 | -15.66172 | 41.51789
C4' | 2.35573 | -15.66172 | 41.51789
O4' | 3.23262 | -15.13565 | 40.49283
O4' | 3.23262 | -15.13565 | 40.49283
C3' | 3.24178 | -15.80442 | 42.74288
C3' | 3.24178 | -15.80442 | 42.74288
O3' | 2.7655 | -16.8085 | 43.617
O3' | 2.7655 | -16.8085 | 43.617
C2' | 4.57718 | -16.17736 | 42.12874
C2' | 4.57718 | -16.17736 | 42.12874
O2' | 4.53209 | -17.54437 | 41.74362
O2' | 4.53209 | -17.54437 | 41.74362
C1' | 4.58742 | -15.38891 | 40.84038
C1' | 4.58742 | -15.38891 | 40.84038
N1 | 5.26439 | -14.07717 | 40.90148
N1 | 5.26439 | -14.07717 | 40.90148
C2 | 6.66116 | -14.09086 | 40.88167
C2 | 6.66116 | -14.09086 | 40.88167
O2 | 7.22251 | -15.19817 | 40.8827
O2 | 7.22251 | -15.19817 | 40.8827
N3 | 7.32702 | -12.91449 | 40.89262
N3 | 7.32702 | -12.91449 | 40.89262
C4 | 6.64504 | -11.7708 | 40.89262
C4 | 6.64504 | -11.7708 | 40.89262
N4 | 7.32964 | -10.62699 | 40.91123
N4 | 7.32964 | -10.62699 | 40.91123
C5 | 5.22655 | -11.73221 | 40.90107
C5 | 5.22655 | -11.73221 | 40.90107
C6 | 4.57838 | -12.90139 | 40.88627
C6 | 4.57838 | -12.90139 | 40.88627
