43
C_A_5-G_A_18-1l2x.pdb
P | 23.36964 | 9.9581 | -18.12503
OP1 | 23.21463 | 8.769 | -17.24155
OP2 | 22.45167 | 11.11551 | -17.93167
O5' | 24.85363 | 10.51099 | -17.99326
C5' | 25.94504 | 9.6025 | -18.16902
C4' | 27.22866 | 10.38321 | -18.17036
O4' | 27.28799 | 11.31237 | -19.28218
C3' | 27.45231 | 11.29689 | -16.95956
O3' | 27.78941 | 10.55797 | -15.79893
C2' | 28.56903 | 12.17664 | -17.48954
O2' | 29.76052 | 11.40138 | -17.58663
C1' | 28.05598 | 12.44385 | -18.89579
N1 | 27.17706 | 13.61945 | -18.98788
C2 | 27.76493 | 14.88404 | -19.02729
O2 | 28.99784 | 14.94794 | -19.01869
N3 | 26.98462 | 15.98049 | -19.13275
C4 | 25.65828 | 15.84927 | -19.15596
N4 | 24.91138 | 16.94657 | -19.24419
C5 | 25.05232 | 14.57024 | -19.10285
C6 | 25.81751 | 13.49015 | -19.01787
P | 33.78484 | 17.51378 | -25.68199
OP1 | 35.17236 | 17.21906 | -26.13972
OP2 | 32.86642 | 18.29834 | -26.5418
O5' | 33.03909 | 16.13784 | -25.41046
C5' | 33.56304 | 15.10773 | -24.58222
C4' | 32.80326 | 13.83103 | -24.80552
O4' | 31.41228 | 14.03546 | -24.4486
C3' | 32.74274 | 13.33519 | -26.24053
O3' | 32.62891 | 11.93632 | -26.29875
C2' | 31.46231 | 13.93017 | -26.76839
O2' | 30.97371 | 13.27588 | -27.91793
C1' | 30.56816 | 13.75639 | -25.53478
N9 | 29.45867 | 14.69138 | -25.5995
C8 | 29.58703 | 16.06549 | -25.59822
N7 | 28.43069 | 16.67171 | -25.67175
C5 | 27.50016 | 15.64841 | -25.74092
C6 | 26.08888 | 15.69881 | -25.83843
O6 | 25.36586 | 16.69846 | -25.88717
N1 | 25.52191 | 14.42998 | -25.87786
C2 | 26.22355 | 13.2557 | -25.81637
N2 | 25.49593 | 12.12781 | -25.86458
N3 | 27.54171 | 13.1923 | -25.71962
C4 | 28.11817 | 14.41793 | -25.6964
