40
C_A_8-C_A_11-1l2x.pdb
P | -0.293 | 44.8008 | -26.25762
OP1 | -0.69757 | 44.03224 | -27.46979
OP2 | -1.07117 | 44.64547 | -25.00788
O5' | 1.22981 | 44.46583 | -25.97926
C5' | 1.71025 | 43.54032 | -25.01133
C4' | 3.20855 | 43.53654 | -25.16874
O4' | 3.77573 | 44.78176 | -24.67615
C3' | 3.97256 | 42.48382 | -24.37448
O3' | 3.80906 | 41.19839 | -24.95318
C2' | 5.36792 | 43.07263 | -24.45681
O2' | 5.8805 | 42.84087 | -25.73327
C1' | 5.08948 | 44.57038 | -24.23536
N1 | 5.24121 | 44.86329 | -22.80766
C2 | 6.5439 | 44.86931 | -22.30443
O2 | 7.46579 | 44.6849 | -23.1105
N3 | 6.74211 | 45.04076 | -20.98226
C4 | 5.69375 | 45.16472 | -20.16341
N4 | 5.95215 | 45.37489 | -18.8707
C5 | 4.35523 | 45.1748 | -20.64708
C6 | 4.18006 | 44.99563 | -21.96585
P | 2.00972 | 43.01614 | -15.40436
OP1 | 1.182 | 43.90492 | -14.54433
OP2 | 2.31819 | 43.44796 | -16.79714
O5' | 3.43382 | 42.81125 | -14.72042
C5' | 3.53458 | 42.35797 | -13.36881
C4' | 4.9895 | 42.16117 | -13.03798
O4' | 5.55058 | 41.09531 | -13.84779
C3' | 5.9109 | 43.34172 | -13.3255
O3' | 5.80483 | 44.32299 | -12.31591
C2' | 7.26901 | 42.68209 | -13.36386
O2' | 7.63258 | 42.27686 | -12.04485
C1' | 6.9107 | 41.418 | -14.13115
N1 | 7.04829 | 41.56418 | -15.59258
C2 | 8.36092 | 41.55258 | -16.08066
O2 | 9.29022 | 41.45698 | -15.25424
N3 | 8.53523 | 41.62806 | -17.41265
C4 | 7.4852 | 41.74245 | -18.2315
N4 | 7.72363 | 41.84569 | -19.53905
C5 | 6.141 | 41.74813 | -17.7533
C6 | 5.98262 | 41.66899 | -16.42809
