42
C_A_17-A_A_20-1l2x.pdb
P | -3.23913 | 21.44736 | 38.11781
OP1 | -3.78896 | 22.13031 | 39.3274
OP2 | -1.79379 | 21.16905 | 38.01274
O5' | -3.9999 | 20.05691 | 37.92117
C5' | -3.46541 | 18.81961 | 38.35836
C4' | -4.10347 | 17.7115 | 37.55453
O4' | -3.69154 | 17.79123 | 36.16708
C3' | -3.71285 | 16.30275 | 37.98225
O3' | -4.50486 | 15.86748 | 39.07824
C2' | -3.93768 | 15.50159 | 36.72321
O2' | -5.30295 | 15.22722 | 36.54382
C1' | -3.52464 | 16.4839 | 35.63765
N1 | -2.12237 | 16.34187 | 35.20253
C2 | -1.80772 | 15.18704 | 34.47317
O2 | -2.69686 | 14.35404 | 34.26757
N3 | -0.54295 | 15.02762 | 34.03942
C4 | 0.37937 | 15.95563 | 34.26803
N4 | 1.6054 | 15.71578 | 33.79435
C5 | 0.07954 | 17.14815 | 34.97992
C6 | -1.17308 | 17.29559 | 35.4208
P | -10.26772 | 11.74022 | 38.80348
OP1 | -9.80538 | 11.63002 | 40.21011
OP2 | -11.40828 | 12.65987 | 38.49108
O5' | -9.00599 | 12.25566 | 37.96877
C5' | -9.16186 | 12.49728 | 36.56702
C4' | -7.78081 | 12.71694 | 35.99789
O4' | -7.05699 | 11.47544 | 36.01787
C3' | -7.74276 | 13.16303 | 34.54151
O3' | -7.93048 | 14.56717 | 34.49306
C2' | -6.38055 | 12.67901 | 34.097
O2' | -5.40916 | 13.64795 | 34.36391
C1' | -6.12259 | 11.4409 | 34.95576
N9 | -6.30186 | 10.16496 | 34.25233
C8 | -7.44678 | 9.56559 | 33.79672
N7 | -7.2539 | 8.42101 | 33.18012
C5 | -5.87183 | 8.2592 | 33.22249
C6 | -5.0104 | 7.27151 | 32.7147
N6 | -5.41863 | 6.17706 | 32.07847
N1 | -3.68248 | 7.42361 | 32.91575
C2 | -3.28036 | 8.51404 | 33.56896
N3 | -3.96595 | 9.51885 | 34.08516
C4 | -5.28033 | 9.3357 | 33.85655
