43
C_A_15-G_A_6-1l2x.pdb
P | 13.55329 | -8.53861 | 33.91882
OP1 | 14.68251 | -7.98075 | 33.12086
OP2 | 12.17215 | -8.18341 | 33.51951
O5' | 13.65906 | -10.12372 | 33.93246
C5' | 14.88658 | -10.75626 | 34.32293
C4' | 14.63893 | -12.211 | 34.60015
O4' | 13.65423 | -12.37674 | 35.65126
C3' | 14.03667 | -13.00844 | 33.45024
O3' | 14.98098 | -13.3673 | 32.46712
C2' | 13.50775 | -14.23166 | 34.16918
O2' | 14.59478 | -15.05119 | 34.56913
C1' | 12.92116 | -13.58001 | 35.40014
N9 | 11.52144 | -13.19944 | 35.25576
C8 | 10.97768 | -11.95404 | 35.09768
N7 | 9.67897 | -11.98494 | 35.00058
C5 | 9.34134 | -13.32182 | 35.12092
C6 | 8.09 | -13.98651 | 35.10252
O6 | 6.98212 | -13.45407 | 34.97455
N1 | 8.20094 | -15.36609 | 35.26259
C2 | 9.40163 | -16.02928 | 35.39823
N2 | 9.32933 | -17.36401 | 35.53141
N3 | 10.57803 | -15.42987 | 35.42287
C4 | 10.47032 | -14.09088 | 35.27789
P | -0.35349 | -19.89079 | 37.10843
OP1 | -0.99181 | -21.05682 | 37.78044
OP2 | -0.2884 | -18.55188 | 37.75943
O5' | 1.16748 | -20.31169 | 36.82068
C5' | 1.4799 | -21.60191 | 36.27638
C4' | 2.97543 | -21.73768 | 36.13657
O4' | 3.49493 | -20.86788 | 35.1061
C3' | 3.76947 | -21.32327 | 37.36982
O3' | 3.7717 | -22.31974 | 38.36926
C2' | 5.14497 | -21.10661 | 36.77456
O2' | 5.68425 | -22.34448 | 36.33679
C1' | 4.77666 | -20.3551 | 35.51537
N1 | 4.65753 | -18.88741 | 35.61725
C2 | 5.83108 | -18.14413 | 35.4335
O2 | 6.90219 | -18.74795 | 35.28628
N3 | 5.78205 | -16.79626 | 35.45339
C4 | 4.60615 | -16.17941 | 35.59837
N4 | 4.60029 | -14.84623 | 35.6403
C5 | 3.39273 | -16.89533 | 35.80196
C6 | 3.46999 | -18.22979 | 35.76809
