41
C_A_14-G_A_12-1l2x.pdb
P | -16.24652 | 25.69519 | -28.58496
OP1 | -15.14006 | 25.93043 | -29.55738
OP2 | -17.07998 | 26.84979 | -28.15437
O5' | -17.25005 | 24.63022 | -29.22267
C5' | -16.70054 | 23.41054 | -29.74245
C4' | -17.82852 | 22.53949 | -30.22518
O4' | -18.68903 | 22.21627 | -29.10292
C3' | -18.7934 | 23.14797 | -31.23233
C2' | -20.00899 | 22.25869 | -31.06944
O2' | -19.8226 | 21.00304 | -31.70094
C1' | -20.01832 | 22.00488 | -29.57412
N9 | -20.89392 | 22.90347 | -28.82367
C8 | -20.55868 | 24.05843 | -28.17473
N7 | -21.58092 | 24.62859 | -27.59295
C5 | -22.65545 | 23.79627 | -27.89083
C6 | -24.02576 | 23.88314 | -27.54256
O6 | -24.60728 | 24.74989 | -26.87867
N1 | -24.74175 | 22.81732 | -28.06986
C2 | -24.23679 | 21.79278 | -28.8243
N2 | -25.12085 | 20.86498 | -29.22665
N3 | -22.96332 | 21.69521 | -29.15698
C4 | -22.24181 | 22.72242 | -28.65233
OP1A | -23.9633 | 23.24915 | -36.60878
OP1B | -23.59487 | 19.12066 | -32.72414
OP2A | -21.7594 | 24.40998 | -36.05262
OP2B | -25.25427 | 20.48599 | -34.18058
C4' | -24.95031 | 23.31742 | -32.56016
O4' | -24.36247 | 23.61798 | -31.27155
C3' | -25.55464 | 24.63218 | -33.02089
O3' | -26.63509 | 24.42663 | -33.90941
C2' | -26.00905 | 25.24997 | -31.71268
O2' | -27.20525 | 24.60432 | -31.29881
C1' | -24.9438 | 24.80129 | -30.74028
N1 | -23.83914 | 25.75716 | -30.51958
C2 | -24.11005 | 26.8478 | -29.68971
O2 | -25.26864 | 26.96546 | -29.2595
N3 | -23.11964 | 27.72805 | -29.42218
C4 | -21.90403 | 27.52623 | -29.92683
N4 | -20.94998 | 28.41579 | -29.65151
C5 | -21.60255 | 26.41968 | -30.76249
C6 | -22.58851 | 25.55349 | -31.01731
