40
C_A_10-C_A_11-1l2x.pdb
P | -2.92235 | 29.61513 | 43.85227
OP1 | -4.27587 | 29.44756 | 44.43881
OP2 | -1.84928 | 30.28939 | 44.6412
O5' | -2.29357 | 28.21367 | 43.40743
C5' | -3.09413 | 27.16595 | 42.872
C4' | -2.23994 | 25.94927 | 42.63496
O4' | -1.33677 | 26.15031 | 41.51728
C3' | -1.30796 | 25.58131 | 43.78361
O3' | -1.99968 | 24.90506 | 44.81675
C2' | -0.29095 | 24.71818 | 43.07118
O2' | -0.85376 | 23.47324 | 42.75839
C1' | -0.09184 | 25.50751 | 41.78726
N1 | 0.94664 | 26.54532 | 41.86733
C2 | 2.29297 | 26.18167 | 41.75449
O2 | 2.57269 | 24.98225 | 41.62304
N3 | 3.24646 | 27.13562 | 41.82941
C4 | 2.92991 | 28.41651 | 41.98768
N4 | 3.91668 | 29.31133 | 42.05083
C5 | 1.56843 | 28.81462 | 42.10663
C6 | 0.63296 | 27.8662 | 42.03447
P | -1.56458 | 25.07278 | 46.35373
OP1 | -2.60092 | 24.44598 | 47.21849
OP2 | -1.15147 | 26.47782 | 46.6306
O5' | -0.21847 | 24.22761 | 46.46085
C5' | -0.22119 | 22.81914 | 46.21859
C4' | 1.1966 | 22.31931 | 46.28953
O4' | 1.98827 | 22.89598 | 45.21838
C3' | 1.97981 | 22.69201 | 47.54373
O3' | 1.62304 | 21.86079 | 48.62781
C2' | 3.40856 | 22.49361 | 47.09612
O2' | 3.66187 | 21.0985 | 46.93579
C1' | 3.31718 | 23.08921 | 45.699
N1 | 3.6086 | 24.53479 | 45.66115
C2 | 4.96006 | 24.88263 | 45.77913
O2 | 5.7877 | 23.96327 | 45.93877
N3 | 5.28149 | 26.18646 | 45.69542
C4 | 4.33165 | 27.11324 | 45.53715
N4 | 4.70953 | 28.39094 | 45.49359
C5 | 2.95112 | 26.77734 | 45.40727
C6 | 2.64666 | 25.47804 | 45.48885
