40
C_A_10-C_A_8-1l2x.pdb
P | -9.21954 | 47.03005 | -24.35496
OP1 | -9.82545 | 46.18333 | -25.42252
OP2 | -9.63643 | 46.83135 | -22.94845
O5' | -7.64776 | 46.87192 | -24.46962
C5' | -6.83804 | 46.03589 | -23.65128
C4' | -5.43673 | 46.1901 | -24.18257
O4' | -4.90913 | 47.50488 | -23.85408
C3' | -4.38356 | 45.25293 | -23.60351
O3' | -4.54012 | 43.93935 | -24.11727
C2' | -3.12959 | 45.98712 | -24.0383
O2' | -2.93082 | 45.77147 | -25.40205
C1' | -3.51159 | 47.45203 | -23.75917
N1 | -3.04072 | 47.80561 | -22.41738
C2 | -1.6628 | 47.96958 | -22.26007
O2 | -0.9579 | 47.86067 | -23.27243
N3 | -1.15994 | 48.20413 | -21.03167
C4 | -1.97637 | 48.23963 | -19.97473
N4 | -1.42744 | 48.51825 | -18.79022
C5 | -3.38564 | 48.08839 | -20.10412
C6 | -3.86462 | 47.84878 | -21.33502
P | -7.14579 | 43.91313 | -18.37457
OP1 | -8.30562 | 44.51741 | -17.6719
OP2 | -6.33616 | 44.73946 | -19.31806
O5' | -6.08684 | 43.29815 | -17.34609
C5' | -6.49146 | 42.67445 | -16.13259
C4' | -5.2751 | 42.27962 | -15.33842
O4' | -4.58234 | 41.16468 | -15.95674
C3' | -4.1978 | 43.35265 | -15.23166
O3' | -4.52865 | 44.32499 | -14.25788
C2' | -2.98913 | 42.51968 | -14.86815
O2' | -3.08652 | 42.0884 | -13.53812
C1' | -3.17436 | 41.32523 | -15.79018
N1 | -2.57552 | 41.48842 | -17.1231
C2 | -1.19939 | 41.29642 | -17.28737
O2 | -0.51675 | 41.02538 | -16.29004
N3 | -0.64985 | 41.44776 | -18.51206
C4 | -1.39424 | 41.75551 | -19.569
N4 | -0.79327 | 41.88766 | -20.75213
C5 | -2.79644 | 41.95782 | -19.43058
C6 | -3.331 | 41.8093 | -18.21732
