40
C_A_26-C_A_26-1l2x.pdb
P | -7.11867 | -11.93416 | -42.8346
P | -7.11867 | -11.93416 | -42.8346
OP1 | -8.32143 | -12.42124 | -42.1059
OP1 | -8.32143 | -12.42124 | -42.1059
OP2 | -6.49729 | -10.65287 | -42.37728
OP2 | -6.49729 | -10.65287 | -42.37728
O5' | -6.00659 | -13.07254 | -42.75274
O5' | -6.00659 | -13.07254 | -42.75274
C5' | -6.28915 | -14.43005 | -43.09188
C5' | -6.28915 | -14.43005 | -43.09188
C4' | -5.00676 | -15.22017 | -43.05374
C4' | -5.00676 | -15.22017 | -43.05374
O4' | -4.08419 | -14.72959 | -44.05621
O4' | -4.08419 | -14.72959 | -44.05621
C3' | -4.19289 | -15.12063 | -41.76971
C3' | -4.19289 | -15.12063 | -41.76971
O3' | -4.68911 | -15.96347 | -40.74388
O3' | -4.68911 | -15.96347 | -40.74388
C2' | -2.81186 | -15.54804 | -42.22665
C2' | -2.81186 | -15.54804 | -42.22665
O2' | -2.77163 | -16.94595 | -42.4252
O2' | -2.77163 | -16.94595 | -42.4252
C1' | -2.74619 | -14.87682 | -43.58793
C1' | -2.74619 | -14.87682 | -43.58793
N1 | -2.11916 | -13.54202 | -43.57828
N1 | -2.11916 | -13.54202 | -43.57828
C2 | -0.71793 | -13.54258 | -43.5755
C2 | -0.71793 | -13.54258 | -43.5755
O2 | -0.16028 | -14.65127 | -43.57989
O2 | -0.16028 | -14.65127 | -43.57989
N3 | -0.05909 | -12.36466 | -43.58024
N3 | -0.05909 | -12.36466 | -43.58024
C4 | -0.72213 | -11.20497 | -43.58024
C4 | -0.72213 | -11.20497 | -43.58024
N4 | -0.02196 | -10.06825 | -43.59969
N4 | -0.02196 | -10.06825 | -43.59969
C5 | -2.14779 | -11.17698 | -43.58071
C5 | -2.14779 | -11.17698 | -43.58071
C6 | -2.79008 | -12.35674 | -43.58645
C6 | -2.79008 | -12.35674 | -43.58645
