43
C_A_5-G_A_6-1l2x.pdb
P | 18.80602 | -28.76153 | -11.79615
OP1 | 18.19792 | -28.47588 | -10.46682
OP2 | 18.58954 | -27.78909 | -12.90391
O5' | 20.37654 | -28.92969 | -11.62162
C5' | 20.86578 | -29.84146 | -10.63332
C4' | 22.35714 | -29.95446 | -10.77574
O4' | 22.73072 | -30.50858 | -12.06274
C3' | 23.13007 | -28.63063 | -10.74531
O3' | 23.19813 | -28.09194 | -9.43693
C2' | 24.46418 | -29.08556 | -11.30665
O2' | 25.11359 | -29.90946 | -10.34253
C1' | 23.98772 | -29.96956 | -12.44844
N1 | 23.78146 | -29.24149 | -13.70955
C2 | 24.89787 | -28.93932 | -14.4897
O2 | 26.00033 | -29.33179 | -14.09627
N3 | 24.73753 | -28.29028 | -15.66241
C4 | 23.51978 | -27.90636 | -16.04535
N4 | 23.3908 | -27.25412 | -17.1976
C5 | 22.38225 | -28.19695 | -15.25321
C6 | 22.53503 | -28.85092 | -14.10939
P | 23.23293 | -26.49451 | -9.25338
OP1 | 23.04607 | -26.25532 | -7.79361
OP2 | 22.29445 | -25.84179 | -10.19485
O5' | 24.70616 | -26.06664 | -9.6663
C5' | 25.83184 | -26.58515 | -8.94284
C4' | 27.09099 | -26.33527 | -9.72164
O4' | 27.02478 | -26.96281 | -11.02692
C3' | 27.37562 | -24.87877 | -10.06592
O3' | 27.91003 | -24.14595 | -8.98684
C2' | 28.38837 | -25.01985 | -11.18276
O2' | 29.62813 | -25.45137 | -10.64427
C1' | 27.77454 | -26.16754 | -11.95089
N9 | 26.84876 | -25.74934 | -12.99633
C8 | 25.48265 | -25.81972 | -13.01796
N7 | 24.97603 | -25.35131 | -14.12293
C5 | 26.06661 | -24.96777 | -14.88402
C6 | 26.1634 | -24.39648 | -16.17718
O6 | 25.21993 | -24.12164 | -16.92657
N1 | 27.47812 | -24.16453 | -16.57578
C2 | 28.57776 | -24.43405 | -15.78962
N2 | 29.77442 | -24.13859 | -16.32365
N3 | 28.51096 | -24.97026 | -14.5847
C4 | 27.23666 | -25.20484 | -14.20176
