43
C_A_3-G_A_18-1l2x.pdb
P | 10.69429 | 22.85047 | -18.21499
OP1 | 10.17447 | 21.95648 | -17.13823
OP2 | 10.64159 | 24.32278 | -17.98357
O5' | 12.22157 | 22.46787 | -18.45428
C5' | 12.57533 | 21.11637 | -18.7413
C4' | 14.06928 | 21.05184 | -18.93186
O4' | 14.49939 | 21.81414 | -20.09429
C3' | 14.89699 | 21.65761 | -17.80416
O3' | 14.99735 | 20.79186 | -16.68135
C2' | 16.2322 | 21.87133 | -18.48036
O2' | 16.91023 | 20.65469 | -18.60277
C1' | 15.78543 | 22.37044 | -19.84302
N1 | 15.66623 | 23.83663 | -19.91284
C2 | 16.85397 | 24.57473 | -19.98768
O2 | 17.93003 | 23.95578 | -20.00247
N3 | 16.78532 | 25.92263 | -20.07125
C4 | 15.61253 | 26.54562 | -20.04118
N4 | 15.59506 | 27.87869 | -20.1055
C5 | 14.3831 | 25.82607 | -19.93683
C6 | 14.46712 | 24.48936 | -19.89133
P | 24.85819 | 34.34726 | -19.89199
OP1 | 26.21006 | 34.76753 | -20.35827
OP2 | 23.67583 | 34.53392 | -20.76691
O5' | 24.89819 | 32.79456 | -19.55947
C5' | 25.86177 | 32.19711 | -18.70144
C4' | 25.84303 | 30.70399 | -18.86681
O4' | 24.53389 | 30.19994 | -18.49789
C3' | 26.04708 | 30.18875 | -20.28161
O3' | 26.64787 | 28.91902 | -20.28673
C2' | 24.64388 | 30.04343 | -20.81272
O2' | 24.55459 | 29.18833 | -21.93035
C1' | 23.94877 | 29.49442 | -19.56095
N9 | 22.52093 | 29.7468 | -19.64421
C8 | 21.94543 | 31.00013 | -19.69529
N7 | 20.64135 | 30.94423 | -19.77459
C5 | 20.34714 | 29.59113 | -19.79284
C6 | 19.10015 | 28.92592 | -19.87203
O6 | 17.97464 | 29.42794 | -19.94721
N1 | 19.24335 | 27.54311 | -19.85671
C2 | 20.43753 | 26.87978 | -19.76208
N2 | 20.37122 | 25.53833 | -19.75842
N3 | 21.61038 | 27.48718 | -19.68183
C4 | 21.49707 | 28.83672 | -19.71191
