43
C_A_15-G_A_7-1l2x.pdb
P | 18.42098 | -6.40869 | 34.68904
OP1 | 19.68627 | -6.27086 | 33.91627
OP2 | 17.16663 | -5.79494 | 34.16532
O5' | 18.10589 | -7.96015 | 34.8534
C5' | 19.1112 | -8.89335 | 35.25242
C4' | 18.50139 | -10.26813 | 35.20251
O4' | 17.40639 | -10.40943 | 36.12892
C3' | 17.85462 | -10.61734 | 33.8688
O3' | 18.86295 | -10.94113 | 32.92842
C2' | 16.95637 | -11.76708 | 34.26075
O2' | 17.71983 | -12.9399 | 34.48584
C1' | 16.40583 | -11.27334 | 35.59226
N9 | 15.16015 | -10.51454 | 35.49437
C8 | 14.99881 | -9.1564 | 35.37587
N7 | 13.74623 | -8.78578 | 35.31216
C5 | 13.02905 | -9.97204 | 35.38974
C6 | 11.63736 | -10.2188 | 35.38369
O6 | 10.69571 | -9.42298 | 35.28871
N1 | 11.36371 | -11.57949 | 35.49081
C2 | 12.2925 | -12.57736 | 35.59158
N2 | 11.81153 | -13.82574 | 35.6869
N3 | 13.59717 | -12.36181 | 35.61481
C4 | 13.89056 | -11.04657 | 35.50567
P | 6.24982 | -17.18404 | 40.30661
OP1 | 6.01222 | -18.50447 | 40.95367
OP2 | 5.85077 | -15.90759 | 40.964
O5' | 7.83226 | -17.07639 | 40.06659
C5' | 8.56838 | -18.18399 | 39.52817
C4' | 10.02847 | -17.81758 | 39.43617
O4' | 10.26211 | -16.81098 | 38.426
C3' | 10.60502 | -17.18191 | 40.6958
O3' | 10.90637 | -18.13581 | 41.69135
C2' | 11.84899 | -16.516 | 40.14594
O2' | 12.77881 | -17.50093 | 39.7215
C1' | 11.29056 | -15.91034 | 38.87813
N1 | 10.69128 | -14.56537 | 38.9812
C2 | 11.55902 | -13.47452 | 38.83794
O2 | 12.77315 | -13.6897 | 38.72324
N3 | 11.0678 | -12.21845 | 38.8609
C4 | 9.75057 | -12.02545 | 38.97004
N4 | 9.30429 | -10.76933 | 39.01637
C5 | 8.83561 | -13.10388 | 39.13194
C6 | 9.34946 | -14.3378 | 39.09596
