40
C_A_5-C_A_5-1l2x.pdb
P | 19.84008 | -16.42476 | -24.75801
P | 19.84008 | -16.42476 | -24.75801
OP1 | 18.65669 | -16.82018 | -23.94453
OP1 | 18.65669 | -16.82018 | -23.94453
OP2 | 20.49741 | -15.11835 | -24.47369
OP2 | 20.49741 | -15.11835 | -24.47369
O5' | 20.95644 | -17.5482 | -24.62793
O5' | 20.95644 | -17.5482 | -24.62793
C5' | 20.59668 | -18.90928 | -24.88374
C5' | 20.59668 | -18.90928 | -24.88374
C4' | 21.84191 | -19.74973 | -24.86804
C4' | 21.84191 | -19.74973 | -24.86804
O4' | 22.75974 | -19.36504 | -25.92284
O4' | 22.75974 | -19.36504 | -25.92284
C3' | 22.7098 | -19.62872 | -23.60988
C3' | 22.7098 | -19.62872 | -23.60988
O3' | 22.12818 | -20.29643 | -22.50419
O3' | 22.12818 | -20.29643 | -22.50419
C2' | 23.99889 | -20.2518 | -24.11182
C2' | 23.99889 | -20.2518 | -24.11182
O2' | 23.79831 | -21.65195 | -24.28344
O2' | 23.79831 | -21.65195 | -24.28344
C1' | 24.09005 | -19.60928 | -25.48697
C1' | 24.09005 | -19.60928 | -25.48697
N1 | 24.79308 | -18.31747 | -25.48731
N1 | 24.79308 | -18.31747 | -25.48731
C2 | 26.18798 | -18.32293 | -25.46409
C2 | 26.18798 | -18.32293 | -25.46409
O2 | 26.76127 | -19.41623 | -25.48055
O2 | 26.76127 | -19.41623 | -25.48055
N3 | 26.86106 | -17.153 | -25.48486
N3 | 26.86106 | -17.153 | -25.48486
C4 | 26.18828 | -16.00221 | -25.48486
C4 | 26.18828 | -16.00221 | -25.48486
N4 | 26.87532 | -14.86305 | -25.48917
N4 | 26.87532 | -14.86305 | -25.48917
C5 | 24.7721 | -15.98697 | -25.49485
C5 | 24.7721 | -15.98697 | -25.49485
C6 | 24.10846 | -17.13542 | -25.49318
C6 | 24.10846 | -17.13542 | -25.49318
