42
C_A_5-A_A_20-1l2x.pdb
P | 23.72595 | -22.06619 | 9.084
OP1 | 22.38227 | -21.56326 | 9.48415
OP2 | 24.50282 | -21.29841 | 8.07078
O5' | 24.63921 | -22.18938 | 10.37863
C5' | 24.14076 | -22.9155 | 11.50633
C4' | 25.23785 | -23.03897 | 12.52532
O4' | 26.36009 | -23.80113 | 12.01279
C3' | 25.89676 | -21.72306 | 12.95553
O3' | 25.05533 | -20.96887 | 13.80985
C2' | 27.15144 | -22.25607 | 13.62156
O2' | 26.78929 | -22.89843 | 14.84071
C1' | 27.55436 | -23.32547 | 12.61846
N1 | 28.42035 | -22.82451 | 11.54043
C2 | 29.77827 | -22.65055 | 11.80898
O2 | 30.18921 | -22.9613 | 12.93094
N3 | 30.60143 | -22.21204 | 10.83311
C4 | 30.10398 | -21.90887 | 9.63412
N4 | 30.93381 | -21.46347 | 8.6946
C5 | 28.72446 | -22.06955 | 9.35657
C6 | 27.91663 | -22.5179 | 10.30826
P | 30.84294 | -28.92808 | 20.10649
OP1 | 31.45793 | -30.27302 | 19.97434
OP2 | 31.28252 | -28.04359 | 21.23284
O5' | 31.17908 | -28.15923 | 18.74626
C5' | 30.74256 | -26.80472 | 18.59684
C4' | 30.9605 | -26.42461 | 17.15203
O4' | 30.02717 | -27.1418 | 16.32731
C3' | 30.71771 | -24.95672 | 16.8237
O3' | 31.88807 | -24.2224 | 17.1403
C2' | 30.3707 | -25.01388 | 15.35272
O2' | 31.5306 | -24.9409 | 14.57619
C1' | 29.71633 | -26.38378 | 15.17356
N9 | 28.25393 | -26.34763 | 15.05073
C8 | 27.29984 | -26.05519 | 15.98979
N7 | 26.06505 | -26.0909 | 15.5409
C5 | 26.21836 | -26.42146 | 14.19727
C6 | 25.30247 | -26.58269 | 13.14342
N6 | 23.98276 | -26.48315 | 13.27654
N1 | 25.78958 | -26.8942 | 11.92171
C2 | 27.11202 | -27.00942 | 11.79803
N3 | 28.08176 | -26.87507 | 12.68556
C4 | 27.55804 | -26.55643 | 13.88455
