42
C_A_10-A_A_9-1l2x.pdb
P | -33.99442 | 26.78817 | -40.18648
OP1 | -34.68711 | 25.46651 | -40.35554
OP2 | -33.93468 | 27.3582 | -38.82086
O5' | -32.52753 | 26.61313 | -40.74743
C5' | -31.62633 | 27.70401 | -40.88293
C4' | -30.25693 | 27.3241 | -40.39198
O4' | -30.3269 | 26.98763 | -38.9741
C3' | -29.60326 | 26.09693 | -41.00913
O3' | -28.95828 | 26.40677 | -42.22926
C2' | -28.61063 | 25.67111 | -39.94713
O2' | -27.47322 | 26.50012 | -39.93092
C1' | -29.38293 | 25.96531 | -38.67222
N9 | -30.14046 | 24.82623 | -38.15986
C8 | -31.48233 | 24.74079 | -37.90928
N7 | -31.85485 | 23.5713 | -37.44355
C5 | -30.67335 | 22.84753 | -37.3538
C6 | -30.38123 | 21.54761 | -36.91329
N6 | -31.28002 | 20.67169 | -36.45931
N1 | -29.0914 | 21.14166 | -36.95494
C2 | -28.16916 | 21.99863 | -37.40846
N3 | -28.31714 | 23.24449 | -37.8552
C4 | -29.60529 | 23.61582 | -37.79091
P | -29.35948 | 25.62065 | -43.5754
OP1 | -28.35067 | 26.00238 | -44.59553
OP2 | -30.81193 | 25.82168 | -43.85561
O5' | -29.22515 | 24.08272 | -43.15821
C5' | -27.96184 | 23.43231 | -43.07873
C4' | -28.16364 | 21.97646 | -42.75328
O4' | -28.60594 | 21.80029 | -41.38263
C3' | -29.24484 | 21.27675 | -43.56862
O3' | -28.77952 | 20.93245 | -44.86018
C2' | -29.54295 | 20.0795 | -42.69423
O2' | -28.49216 | 19.15526 | -42.77233
C1' | -29.5363 | 20.72052 | -41.31574
N1 | -30.83478 | 21.26596 | -40.89344
C2 | -31.81518 | 20.40102 | -40.39516
O2 | -31.5691 | 19.18774 | -40.35611
N3 | -33.0083 | 20.90281 | -40.00856
C4 | -33.26231 | 22.20561 | -40.07285
N4 | -34.45808 | 22.63989 | -39.67293
C5 | -32.28372 | 23.10821 | -40.57677
C6 | -31.10907 | 22.60442 | -40.95916
