39
C_A_14-C_A_26-1l2x.pdb
OP1A | -0.82859 | -48.47914 | 4.35891
OP1B | -2.99522 | -43.30628 | 3.45452
OP2A | 1.49539 | -47.72805 | 5.09985
OP2B | -3.22378 | -45.81395 | 2.82342
C4' | -0.49558 | -46.00793 | 1.0194
O4' | 0.36031 | -44.97502 | 0.47445
C3' | 0.07216 | -47.30461 | 0.46954
O3' | -0.91557 | -48.31291 | 0.38697
C2' | 0.56326 | -46.88161 | -0.90138
O2' | -0.55767 | -46.76142 | -1.76632
C1' | 1.05084 | -45.47175 | -0.66435
N1 | 2.49434 | -45.336 | -0.38057
C2 | 3.35982 | -45.43104 | -1.47303
O2 | 2.85853 | -45.68778 | -2.5794
N3 | 4.68696 | -45.27111 | -1.27195
C4 | 5.14058 | -44.99879 | -0.04999
N4 | 6.45516 | -44.85404 | 0.11821
C5 | 4.27956 | -44.88615 | 1.07233
C6 | 2.96869 | -45.04237 | 0.86123
P | -5.65014 | -42.56034 | -9.60893
OP1 | -6.97514 | -42.13818 | -10.13905
OP2 | -4.48589 | -41.64904 | -9.83474
O5' | -5.80216 | -42.77798 | -8.03766
C5' | -6.84738 | -43.57683 | -7.48357
C4' | -6.62966 | -43.70424 | -5.9981
O4' | -5.39097 | -44.40458 | -5.72995
C3' | -6.45261 | -42.40074 | -5.22961
O3' | -7.68661 | -41.76297 | -4.94778
C2' | -5.75856 | -42.86217 | -3.96309
O2' | -6.67597 | -43.51678 | -3.11159
C1' | -4.81092 | -43.90718 | -4.5269
N1 | -3.46509 | -43.39725 | -4.84883
C2 | -2.59519 | -43.28187 | -3.75641
O2 | -3.04366 | -43.61508 | -2.64824
N3 | -1.33779 | -42.83579 | -3.96033
C4 | -0.91683 | -42.49799 | -5.18228
N4 | 0.34125 | -42.07628 | -5.33118
C5 | -1.78293 | -42.60393 | -6.31008
C6 | -3.02809 | -43.05912 | -6.09374
