40
C_A_5-A_A_21-1l2x.pdb
P | 7.97461 | -25.89319 | -5.97142
OP1 | 7.72752 | -25.21962 | -4.66613
OP2 | 7.35628 | -25.31901 | -7.19927
O5' | 9.54122 | -25.96718 | -6.2274
C5' | 10.38058 | -26.51551 | -5.2065
C4' | 11.77841 | -26.63748 | -5.74352
O4' | 11.8427 | -27.55757 | -6.86258
C3' | 12.37913 | -25.35496 | -6.33102
O3' | 12.74425 | -24.43404 | -5.31846
C2' | 13.54935 | -25.93546 | -7.10272
O2' | 14.52537 | -26.40466 | -6.1768
C1' | 12.87797 | -27.14064 | -7.74221
N1 | 12.25421 | -26.8462 | -9.04115
C2 | 13.07292 | -26.78003 | -10.16882
O2 | 14.27731 | -27.00821 | -10.0219
N3 | 12.52601 | -26.53219 | -11.37783
C4 | 11.21531 | -26.31115 | -11.47866
N4 | 10.70364 | -26.05327 | -12.67924
C5 | 10.37845 | -26.36301 | -10.33722
C6 | 10.91075 | -26.62468 | -9.15082
P | 19.09612 | -26.39652 | -9.68415
OP1 | 18.69378 | -25.73887 | -8.41784
OP2 | 18.56537 | -25.86508 | -10.97289
O5' | 20.68953 | -26.26863 | -9.7977
C5' | 21.55677 | -26.54206 | -8.70232
C4' | 22.96437 | -26.69887 | -9.21231
O4' | 23.02891 | -27.79388 | -10.17347
C2' | 24.69452 | -26.17408 | -10.71226
O2' | 25.77691 | -26.50304 | -9.86349
C1' | 24.0552 | -27.4983 | -11.12415
N9 | 23.44791 | -27.47329 | -12.45538
C8 | 22.13956 | -27.36795 | -12.84539
N7 | 21.9711 | -27.38577 | -14.14671
C5 | 23.2566 | -27.54797 | -14.64694
C6 | 23.76547 | -27.65199 | -15.94943
N6 | 23.00174 | -27.61862 | -17.03979
N1 | 25.09915 | -27.80561 | -16.09842
C2 | 25.86582 | -27.83668 | -14.99988
N3 | 25.51169 | -27.74306 | -13.72035
C4 | 24.1746 | -27.60891 | -13.61952
