42
C_A_14-G_A_16-1l2x.pdb
OP1A | 3.94094 | 21.68214 | 34.59659
OP1B | 2.63206 | 16.43558 | 32.85561
OP2A | 3.98433 | 22.78229 | 32.29403
OP2B | 3.72898 | 17.79364 | 34.7769
C4' | 6.42647 | 18.67164 | 33.13745
O4' | 6.98241 | 18.1876 | 31.89123
C3' | 7.45505 | 19.66096 | 33.65641
O3' | 7.40097 | 19.77927 | 35.06431
C2' | 8.7579 | 19.03961 | 33.19158
O2' | 9.06882 | 17.94791 | 34.04632
C1' | 8.3834 | 18.42603 | 31.86309
N1 | 8.64951 | 19.26465 | 30.67626
C2 | 9.97646 | 19.33922 | 30.24591
O2 | 10.83295 | 18.75449 | 30.92839
N3 | 10.26563 | 20.0594 | 29.13909
C4 | 9.28417 | 20.65699 | 28.46623
N4 | 9.60156 | 21.3664 | 27.38303
C5 | 7.92799 | 20.58561 | 28.87772
C6 | 7.65303 | 19.86758 | 29.97141
P | 12.46967 | 23.55633 | 37.78671
OP1 | 12.83002 | 23.61273 | 39.23495
OP2 | 11.17625 | 24.13084 | 37.33714
O5' | 13.60748 | 24.27444 | 36.94161
C5' | 14.97558 | 23.92362 | 37.18408
C4' | 15.87625 | 24.58937 | 36.18373
O4' | 15.57791 | 24.16842 | 34.83468
C3' | 15.75325 | 26.11313 | 36.09994
O3' | 16.41203 | 26.7111 | 37.19369
C2' | 16.40438 | 26.40068 | 34.77393
O2' | 17.83024 | 26.25274 | 34.86412
C1' | 15.88129 | 25.23827 | 33.93924
N9 | 14.65591 | 25.53032 | 33.19712
C8 | 13.36647 | 25.22803 | 33.52587
N7 | 12.49438 | 25.62758 | 32.63083
C5 | 13.26773 | 26.23366 | 31.65144
C6 | 12.91218 | 26.8678 | 30.43679
O6 | 11.78539 | 27.0221 | 29.94904
N1 | 14.02698 | 27.34967 | 29.75754
C2 | 15.32458 | 27.24566 | 30.1826
N2 | 16.25853 | 27.77958 | 29.37267
N3 | 15.6637 | 26.65897 | 31.31083
C4 | 14.60538 | 26.18097 | 31.98368
