43
C_A_17-G_A_16-1l2x.pdb
P | -14.34544 | -23.00814 | -27.91148
OP1 | -15.03073 | -23.4658 | -29.15701
OP2 | -14.85961 | -23.45708 | -26.5927
O5' | -12.81615 | -23.4344 | -27.97534
C5' | -12.06428 | -23.13969 | -29.15915
C4' | -10.61432 | -23.47642 | -28.96077
O4' | -10.02656 | -22.69616 | -27.89688
C3' | -10.32709 | -24.91598 | -28.52583
O3' | -10.44923 | -25.78642 | -29.62824
C2' | -8.92135 | -24.8027 | -28.00049
O2' | -7.98458 | -24.65817 | -29.07969
C1' | -8.99132 | -23.46189 | -27.28015
N9 | -9.32259 | -23.55571 | -25.85922
C8 | -10.53254 | -23.38469 | -25.25186
N7 | -10.48559 | -23.5312 | -23.94894
C5 | -9.15377 | -23.81918 | -23.68829
C6 | -8.4741 | -24.08972 | -22.47636
O6 | -8.93136 | -24.12166 | -21.3269
N1 | -7.12066 | -24.33697 | -22.68472
C2 | -6.48832 | -24.33209 | -23.89937
N2 | -5.16791 | -24.59576 | -23.88161
N3 | -7.11275 | -24.08285 | -25.03078
C4 | -8.42046 | -23.83638 | -24.85637
P | -10.68208 | -27.3611 | -29.40488
OP1 | -10.87405 | -27.99558 | -30.7437
OP2 | -11.65231 | -27.60437 | -28.31999
O5' | -9.24186 | -27.76537 | -28.84531
C5' | -9.04518 | -28.81898 | -27.91851
C4' | -7.74447 | -28.57885 | -27.18936
O4' | -7.84426 | -27.40019 | -26.35159
C3' | -7.33328 | -29.6882 | -26.22999
O3' | -6.66996 | -30.73685 | -26.92157
C2' | -6.44735 | -28.96255 | -25.24705
O2' | -5.16835 | -28.75453 | -25.78769
C1' | -7.12427 | -27.60415 | -25.14442
N1 | -8.07313 | -27.49049 | -24.02077
C2 | -7.51859 | -27.46795 | -22.73368
O2 | -6.29356 | -27.57504 | -22.61307
N3 | -8.34835 | -27.3451 | -21.6803
C4 | -9.65871 | -27.21608 | -21.8547
N4 | -10.40372 | -27.0927 | -20.75253
C5 | -10.24318 | -27.2072 | -23.14974
C6 | -9.41765 | -27.3437 | -24.19139
