42
C_A_14-G_A_7-1l2x.pdb
P | 21.19562 | 0.03594 | 38.53162
OP1 | 22.39119 | 0.53113 | 37.79505
OP2 | 19.83595 | 0.24448 | 37.95528
O5' | 21.3463 | -1.53698 | 38.72275
C5' | 22.56691 | -2.12596 | 39.17435
C4' | 22.39186 | -3.62008 | 39.13816
O4' | 21.35433 | -4.0662 | 40.03356
C3' | 21.92571 | -4.16274 | 37.79381
O3' | 23.01814 | -4.1867 | 36.89275
C2' | 21.39284 | -5.5212 | 38.18497
O2' | 22.4595 | -6.41287 | 38.461
C1' | 20.6732 | -5.19435 | 39.48693
N9 | 19.26357 | -4.83896 | 39.33295
C8 | 18.71332 | -3.59088 | 39.17757
N7 | 17.41032 | -3.60788 | 39.06669
C5 | 17.07254 | -4.95194 | 39.15014
C6 | 15.81668 | -5.59902 | 39.10715
O6 | 14.68632 | -5.11837 | 38.96456
N1 | 15.95275 | -6.97824 | 39.23786
C2 | 17.13019 | -7.6556 | 39.39062
N2 | 17.03562 | -8.98896 | 39.50053
N3 | 18.31154 | -7.06383 | 39.44883
C4 | 18.20779 | -5.72222 | 39.31778
OP1A | 8.31015 | -13.55629 | 43.88462
OP1B | 7.37659 | -15.3615 | 38.57988
OP2A | 7.68102 | -11.11185 | 43.5066
OP2B | 8.68129 | -15.86664 | 40.76654
C4' | 10.7921 | -13.37082 | 40.54162
O4' | 11.1136 | -12.49318 | 39.43582
C3' | 11.76514 | -12.97607 | 41.63863
O3' | 12.01445 | -14.04865 | 42.52549
C2' | 13.00222 | -12.59878 | 40.84691
O2' | 13.64516 | -13.79075 | 40.41689
C1' | 12.42562 | -11.97147 | 39.59965
N1 | 12.29906 | -10.49977 | 39.62668
C2 | 13.47145 | -9.76588 | 39.43052
O2 | 14.53194 | -10.4013 | 39.31712
N3 | 13.40148 | -8.41616 | 39.40391
C4 | 12.22087 | -7.81443 | 39.53496
N4 | 12.18492 | -6.48193 | 39.51228
C5 | 11.01559 | -8.53927 | 39.72356
C6 | 11.09601 | -9.87359 | 39.74443
