43
C_A_10-G_A_27-1l2x.pdb
P | -15.36733 | 19.86249 | 46.13707
OP1 | -16.32753 | 19.00676 | 46.87858
OP2 | -14.70237 | 21.00537 | 46.83003
O5' | -14.17263 | 19.00387 | 45.51034
C5' | -14.37566 | 17.68916 | 45.00475
C4' | -13.05758 | 17.1074 | 44.56844
O4' | -12.57194 | 17.75126 | 43.36224
C3' | -11.91175 | 17.29255 | 45.55645
O3' | -11.98388 | 16.35689 | 46.61593
C2' | -10.71309 | 17.09507 | 44.65586
O2' | -10.58022 | 15.73961 | 44.3249
C1' | -11.15082 | 17.8652 | 43.42036
N1 | -10.81096 | 19.29552 | 43.44433
C2 | -9.50803 | 19.69848 | 43.13198
O2 | -8.66514 | 18.82796 | 42.87532
N3 | -9.19632 | 21.01266 | 43.15545
C4 | -10.10875 | 21.93295 | 43.44952
N4 | -9.73994 | 23.21451 | 43.45261
C5 | -11.44152 | 21.55125 | 43.77246
C6 | -11.74058 | 20.2513 | 43.74982
P | -0.66639 | 31.23446 | 44.93248
OP1 | 0.50961 | 31.96906 | 44.38753
OP2 | -1.92063 | 31.21411 | 44.1435
O5' | -0.22289 | 29.72156 | 45.18721
C5' | 0.98691 | 29.4959 | 45.91978
C4' | 1.15276 | 28.02659 | 46.1631
O4' | 0.1027 | 27.54546 | 47.04248
C3' | 1.02483 | 27.13418 | 44.93678
O3' | 2.23477 | 27.11919 | 44.1941
C2' | 0.68361 | 25.78986 | 45.54202
O2' | 1.84869 | 25.21437 | 46.15502
C1' | -0.20129 | 26.18297 | 46.70625
N9 | -1.64084 | 26.16286 | 46.46464
C8 | -2.4577 | 27.21359 | 46.14536
N7 | -3.70902 | 26.86752 | 45.9907
C5 | -3.71722 | 25.50199 | 46.23645
C6 | -4.78913 | 24.57485 | 46.23149
O6 | -5.99499 | 24.77138 | 45.99333
N1 | -4.33503 | 23.29684 | 46.54052
C2 | -3.0353 | 22.94698 | 46.80122
N2 | -2.77995 | 21.6586 | 47.07706
N3 | -2.02828 | 23.80817 | 46.82162
C4 | -2.44744 | 25.05398 | 46.52754
