43
C_A_8-G_A_27-1l2x.pdb
P | -13.88435 | -1.93504 | -49.48314
OP1 | -14.92889 | -2.9274 | -49.09863
OP2 | -13.89665 | -0.59191 | -48.86073
O5' | -12.47729 | -2.61995 | -49.23872
C5' | -11.63719 | -2.40571 | -48.11063
C4' | -10.4532 | -3.31495 | -48.31355
O4' | -9.61104 | -2.82186 | -49.39176
C3' | -9.47529 | -3.42706 | -47.14997
O3' | -10.02472 | -4.21223 | -46.10327
C2' | -8.28987 | -4.03231 | -47.87727
O2' | -8.54825 | -5.38227 | -48.11528
C1' | -8.28499 | -3.22944 | -49.19074
N1 | -7.37998 | -2.08796 | -49.03219
C2 | -6.01242 | -2.37045 | -49.01534
O2 | -5.67278 | -3.54814 | -49.19234
N3 | -5.13374 | -1.37569 | -48.78041
C4 | -5.57862 | -0.14123 | -48.52914
N4 | -4.66136 | 0.81127 | -48.34633
C5 | -6.96483 | 0.18062 | -48.55125
C6 | -7.82287 | -0.826 | -48.78022
P | 2.44192 | -11.16032 | -46.41848
OP1 | 3.45551 | -12.20545 | -46.10235
OP2 | 1.10077 | -11.25845 | -45.79582
O5' | 3.06245 | -9.74235 | -46.02512
C5' | 4.37638 | -9.43369 | -46.5042
C4' | 4.71733 | -8.02027 | -46.14143
O4' | 3.84814 | -7.0999 | -46.85194
C3' | 4.51341 | -7.64442 | -44.68068
O3' | 5.60752 | -8.08193 | -43.88868
C2' | 4.39101 | -6.1374 | -44.74248
O2' | 5.67911 | -5.54675 | -44.9797
C1' | 3.63708 | -5.93457 | -46.03998
N9 | 2.18713 | -5.80122 | -45.93551
C8 | 1.23524 | -6.76675 | -46.12231
N7 | 0.01467 | -6.32909 | -45.95446
C5 | 0.17415 | -4.98498 | -45.6494
C6 | -0.79213 | -3.98455 | -45.37724
O6 | -2.03254 | -4.08171 | -45.33993
N1 | -0.17693 | -2.76289 | -45.12413
C2 | 1.17416 | -2.53024 | -45.11433
N2 | 1.58995 | -1.28315 | -44.84399
N3 | 2.08504 | -3.4552 | -45.38061
C4 | 1.50947 | -4.64676 | -45.63188
