43
C_A_5-G_A_7-1l2x.pdb
P | 15.4635 | -35.97092 | 0.91739
OP1 | 14.55762 | -35.36143 | 1.93051
OP2 | 15.72324 | -35.22722 | -0.34716
O5' | 16.87452 | -36.25695 | 1.59006
C5' | 16.91616 | -36.99323 | 2.81626
C4' | 18.35028 | -37.28201 | 3.15843
O4' | 18.98023 | -38.12082 | 2.15715
C3' | 19.28046 | -36.0641 | 3.20671
O3' | 19.06009 | -35.28033 | 4.36594
C2' | 20.63042 | -36.75526 | 3.16399
O2' | 20.84422 | -37.42697 | 4.40221
C1' | 20.36318 | -37.80047 | 2.09241
N1 | 20.63761 | -37.32698 | 0.7273
C2 | 21.96169 | -37.30337 | 0.28848
O2 | 22.83282 | -37.71637 | 1.05971
N3 | 22.24228 | -36.89349 | -0.9667
C4 | 21.25772 | -36.47511 | -1.76203
N4 | 21.56273 | -36.0611 | -2.98893
C5 | 19.91208 | -36.48288 | -1.32034
C6 | 19.63172 | -36.90267 | -0.09375
P | 24.16506 | -30.24847 | 5.30821
OP1 | 24.45748 | -29.58494 | 6.60873
OP2 | 23.03732 | -29.75524 | 4.46601
O5' | 25.46379 | -30.14365 | 4.39408
C5' | 26.76505 | -30.44803 | 4.89886
C4' | 27.75822 | -30.14264 | 3.81041
O4' | 27.55662 | -30.96719 | 2.64564
C3' | 27.64993 | -28.7339 | 3.24227
O3' | 28.23626 | -27.81607 | 4.14764
C2' | 28.3765 | -28.88253 | 1.92607
O2' | 29.77582 | -28.96275 | 2.1371
C1' | 27.86918 | -30.24037 | 1.45841
N9 | 26.66558 | -30.19042 | 0.63021
C8 | 25.35493 | -30.28096 | 1.02848
N7 | 24.50453 | -30.20226 | 0.03802
C5 | 25.299 | -30.04616 | -1.08981
C6 | 24.95891 | -29.9173 | -2.45563
O6 | 23.8451 | -29.89437 | -2.99225
N1 | 26.0945 | -29.78904 | -3.25049
C2 | 27.38693 | -29.78463 | -2.80535
N2 | 28.33543 | -29.65026 | -3.74405
N3 | 27.72221 | -29.92022 | -1.53319
C4 | 26.63554 | -30.0404 | -0.73786
