42
C_A_10-G_A_12-1l2x.pdb
P | -17.11173 | 46.42534 | -1.72358
OP1 | -18.08251 | 46.70725 | -0.63628
OP2 | -16.5243 | 47.5531 | -2.50563
O5' | -15.85644 | 45.58886 | -1.19265
C5' | -15.98755 | 44.59476 | -0.18275
C4' | -14.62883 | 44.04977 | 0.16796
O4' | -14.09895 | 43.22803 | -0.90409
C3' | -13.54607 | 45.10183 | 0.37811
O3' | -13.64552 | 45.70054 | 1.65671
C2' | -12.29362 | 44.2747 | 0.19348
O2' | -12.09782 | 43.44614 | 1.30687
C1' | -12.68777 | 43.41687 | -0.99813
N1 | -12.39735 | 44.02353 | -2.30562
C2 | -11.09324 | 43.97884 | -2.81046
O2 | -10.20907 | 43.45461 | -2.1194
N3 | -10.82704 | 44.53753 | -4.0112
C4 | -11.78432 | 45.11123 | -4.73261
N4 | -11.45894 | 45.64202 | -5.91193
C5 | -13.1195 | 45.17209 | -4.24286
C6 | -13.37359 | 44.62057 | -3.05497
P | -8.77681 | 50.19182 | 3.49134
OP1 | -8.48555 | 50.61415 | 4.89206
OP2 | -10.05616 | 50.6205 | 2.86472
O5' | -7.60993 | 50.74495 | 2.55308
C5' | -6.25212 | 50.48573 | 2.93898
C4' | -5.33543 | 51.03606 | 1.88025
O4' | -5.59728 | 50.35309 | 0.62749
C3' | -5.50218 | 52.50304 | 1.51181
C2' | -4.85898 | 52.55072 | 0.14104
O2' | -3.44419 | 52.52393 | 0.22969
C1' | -5.28995 | 51.22556 | -0.45789
N9 | -6.48353 | 51.3124 | -1.29762
C8 | -7.7808 | 51.06643 | -0.94544
N7 | -8.6159 | 51.23182 | -1.93729
C5 | -7.8116 | 51.62143 | -3.00379
C6 | -8.13454 | 51.9463 | -4.34422
O6 | -9.2418 | 51.96824 | -4.89528
N1 | -6.99616 | 52.28629 | -5.06195
C2 | -5.7129 | 52.31253 | -4.58613
N2 | -4.76436 | 52.67208 | -5.46662
N3 | -5.39373 | 52.01178 | -3.3413
C4 | -6.4872 | 51.67372 | -2.61989
