43
C_A_8-G_A_28-1l2x.pdb
P | -16.57468 | -6.00021 | -51.55714
OP1 | -17.79894 | -6.63456 | -50.98924
OP2 | -16.19902 | -4.63496 | -51.12529
O5' | -15.36862 | -6.99157 | -51.29017
C5' | -14.4115 | -6.86813 | -50.24472
C4' | -13.51368 | -8.0705 | -50.37856
O4' | -12.66685 | -7.94567 | -51.55423
C3' | -12.50238 | -8.29124 | -49.25993
O3' | -13.14253 | -8.77558 | -48.08964
C2' | -11.57036 | -9.26571 | -49.95437
O2' | -12.17712 | -10.5212 | -49.99173
C1' | -11.4731 | -8.65548 | -51.36433
N1 | -10.3013 | -7.7768 | -51.40861
C2 | -9.0514 | -8.39962 | -51.42013
O2 | -9.03312 | -9.63752 | -51.45009
N3 | -7.93542 | -7.64553 | -51.36741
C4 | -8.03488 | -6.31704 | -51.26662
N4 | -6.89657 | -5.61972 | -51.26155
C5 | -9.29336 | -5.6523 | -51.2648
C6 | -10.3919 | -6.42238 | -51.31101
P | 1.0927 | -16.07041 | -44.52714
OP1 | 2.28731 | -16.71019 | -43.93287
OP2 | -0.2614 | -16.44751 | -44.03945
O5' | 1.2471 | -14.49019 | -44.41531
C5' | 0.79545 | -13.76454 | -43.28356
C4' | 0.84044 | -12.29127 | -43.62542
O4' | 0.0049 | -12.00305 | -44.7801
C3' | 0.33169 | -11.35601 | -42.5355
O3' | 1.30188 | -11.10809 | -41.52995
C2' | 0.00648 | -10.11062 | -43.33888
O2' | 1.21983 | -9.48352 | -43.76134
C1' | -0.58429 | -10.7155 | -44.60192
N9 | -2.03423 | -10.90572 | -44.57382
C8 | -2.71348 | -12.09527 | -44.66566
N7 | -4.00632 | -11.94304 | -44.62906
C5 | -4.19428 | -10.57071 | -44.52887
C6 | -5.38088 | -9.79989 | -44.43778
O6 | -6.56527 | -10.17307 | -44.44403
N1 | -5.10111 | -8.44074 | -44.33699
C2 | -3.84586 | -7.88985 | -44.30982
N2 | -3.79116 | -6.55956 | -44.20352
N3 | -2.72801 | -8.59118 | -44.38709
C4 | -2.98207 | -9.91422 | -44.48788
