42
C_A_15-G_A_12-1l2x.pdb
P | -7.43795 | -7.03716 | -36.40524
OP1 | -6.15315 | -7.45232 | -37.03938
OP2 | -8.30933 | -6.06621 | -37.12016
O5' | -8.3217 | -8.3456 | -36.171
C5' | -7.71229 | -9.46314 | -35.50807
C4' | -8.74374 | -10.54543 | -35.33827
O4' | -9.82006 | -10.04522 | -34.50415
C3' | -9.4705 | -11.01435 | -36.59028
C2' | -10.7176 | -11.64383 | -36.00421
O2' | -10.44239 | -12.91583 | -35.44165
C1' | -11.03319 | -10.70934 | -34.85198
N9 | -12.01684 | -9.67727 | -35.17538
C8 | -11.7874 | -8.38975 | -35.57171
N7 | -12.88972 | -7.71891 | -35.77999
C5 | -13.90483 | -8.63205 | -35.51199
C6 | -15.31428 | -8.4995 | -35.5616
O6 | -15.99343 | -7.51333 | -35.87207
N1 | -15.93857 | -9.68883 | -35.21175
C2 | -15.32051 | -10.85638 | -34.85304
N2 | -16.13072 | -11.8845 | -34.55174
N3 | -14.00931 | -10.99737 | -34.80011
C4 | -13.37611 | -9.84957 | -35.13479
P | -16.79062 | -13.24242 | -42.06832
OP1 | -17.7596 | -14.33733 | -42.3528
OP2 | -15.46672 | -13.17294 | -42.74892
O5' | -17.54007 | -11.87056 | -42.42833
C5' | -18.89195 | -11.64178 | -42.00568
C4' | -19.35062 | -10.29368 | -42.5025
O4' | -18.66258 | -9.21589 | -41.82925
C3' | -19.05644 | -10.02448 | -43.9736
O3' | -19.98102 | -10.65641 | -44.83248
C2' | -19.16756 | -8.51506 | -44.02407
O2' | -20.51168 | -8.11999 | -43.79595
C1' | -18.41631 | -8.14881 | -42.76412
N1 | -16.95388 | -7.98296 | -42.87588
C2 | -16.48819 | -6.71225 | -43.239
O2 | -17.31325 | -5.83519 | -43.52814
N3 | -15.1616 | -6.4757 | -43.30034
C4 | -14.30155 | -7.44139 | -42.96567
N4 | -12.99745 | -7.1792 | -43.06445
C5 | -14.73107 | -8.74975 | -42.60501
C6 | -16.05128 | -8.95266 | -42.54355
