42
C_A_14-G_A_27-1l2x.pdb
OP1A | 12.73684 | 20.52743 | 46.45472
OP1B | 9.53421 | 20.07723 | 41.78448
OP2A | 14.39537 | 18.6728 | 45.88587
OP2B | 9.53796 | 20.87718 | 44.2541
C4' | 9.60904 | 17.90142 | 45.62339
O4' | 9.3717 | 16.58885 | 45.06014
C3' | 9.80132 | 17.65115 | 47.1088
O3' | 9.45726 | 18.7866 | 47.87788
C2' | 8.85795 | 16.49106 | 47.36138
O2' | 7.52829 | 16.99027 | 47.40443
C1' | 8.95486 | 15.69341 | 46.08232
N1 | 9.92692 | 14.58097 | 46.09723
C2 | 9.54009 | 13.41921 | 46.76972
O2 | 8.44593 | 13.43501 | 47.35609
N3 | 10.37686 | 12.35755 | 46.77573
C4 | 11.53423 | 12.42653 | 46.12086
N4 | 12.34165 | 11.36611 | 46.1515
C5 | 11.94299 | 13.59155 | 45.42137
C6 | 11.10602 | 14.63405 | 45.41885
P | -0.626 | 19.1586 | 41.50105
OP1 | -1.45947 | 20.25009 | 40.9235
OP2 | -1.19096 | 17.79014 | 41.56549
O5' | 0.73429 | 19.0886 | 40.66729
C5' | 1.45104 | 20.31062 | 40.45724
C4' | 2.75195 | 20.0119 | 39.77608
O4' | 3.60853 | 19.23711 | 40.6555
C3' | 2.66078 | 19.15298 | 38.52286
O3' | 2.28475 | 19.93588 | 37.39973
C2' | 4.05939 | 18.58644 | 38.40954
O2' | 4.96841 | 19.6025 | 37.956
C1' | 4.43028 | 18.36772 | 39.86132
N9 | 4.19779 | 17.02995 | 40.39741
C8 | 3.12948 | 16.58838 | 41.13018
N7 | 3.21645 | 15.32693 | 41.4629
C5 | 4.42704 | 14.91563 | 40.92399
C6 | 5.06977 | 13.65326 | 40.96794
O6 | 4.68744 | 12.59673 | 41.50367
N1 | 6.28329 | 13.69565 | 40.28929
C2 | 6.80468 | 14.78629 | 39.64251
N2 | 7.99209 | 14.64133 | 39.03402
N3 | 6.21839 | 15.97422 | 39.60699
C4 | 5.04151 | 15.95573 | 40.26186
