43
C_A_8-G_A_6-1l2x.pdb
P | 21.58879 | 36.53266 | -9.84038
OP1 | 20.67956 | 36.12516 | -10.94957
OP2 | 21.25362 | 36.09677 | -8.4653
O5' | 23.0603 | 36.02721 | -10.16157
C5' | 23.66588 | 36.34143 | -11.42408
C4' | 25.1426 | 36.07881 | -11.3549
O4' | 25.76073 | 36.87318 | -10.31142
C3' | 25.54299 | 34.65898 | -10.97454
O3' | 25.44142 | 33.74656 | -12.04421
C2' | 26.98583 | 34.84884 | -10.55615
O2' | 27.78274 | 35.09052 | -11.70495
C1' | 26.86609 | 36.13802 | -9.77662
N9 | 26.59815 | 35.94594 | -8.35669
C8 | 25.43566 | 36.14468 | -7.66328
N7 | 25.55778 | 35.87192 | -6.39532
C5 | 26.87868 | 35.49065 | -6.23537
C6 | 27.61424 | 35.08478 | -5.09422
O6 | 27.18192 | 34.99761 | -3.93977
N1 | 28.94487 | 34.78558 | -5.37899
C2 | 29.49261 | 34.8483 | -6.64229
N2 | 30.79 | 34.51483 | -6.74258
N3 | 28.8274 | 35.22816 | -7.71794
C4 | 27.53956 | 35.52823 | -7.44057
P | 28.15599 | 27.56098 | -11.22214
OP1 | 28.58128 | 26.6136 | -12.29233
OP2 | 26.71285 | 27.81221 | -11.00822
O5' | 28.81385 | 27.06354 | -9.86995
C5' | 28.15508 | 26.31456 | -8.85539
C4' | 29.20628 | 26.04218 | -7.81112
O4' | 29.53847 | 27.26197 | -7.09232
C3' | 28.81741 | 25.08777 | -6.68834
O3' | 28.78979 | 23.74711 | -7.15292
C2' | 29.91007 | 25.41837 | -5.68969
O2' | 31.10164 | 24.83014 | -6.1139
C1' | 29.98027 | 26.95234 | -5.79855
N1 | 29.11012 | 27.52967 | -4.77061
C2 | 29.55831 | 27.4449 | -3.45067
O2 | 30.67457 | 26.94357 | -3.26022
N3 | 28.76148 | 27.87453 | -2.45202
C4 | 27.54038 | 28.34028 | -2.72939
N4 | 26.81326 | 28.79119 | -1.7047
C5 | 27.05984 | 28.4505 | -4.06453
C6 | 27.86649 | 28.0106 | -5.04317
