42
C_A_14-G_A_6-1l2x.pdb
P | 17.33351 | -4.76896 | 37.48972
OP1 | 18.26937 | -3.89973 | 36.72051
OP2 | 15.92346 | -4.84539 | 37.04354
O5' | 17.90913 | -6.24928 | 37.5257
C5' | 19.25616 | -6.48352 | 37.96163
C4' | 19.44697 | -7.94493 | 38.2485
O4' | 18.52295 | -8.3962 | 39.2705
C3' | 19.15001 | -8.88883 | 37.09015
O3' | 20.19056 | -8.94995 | 36.14117
C2' | 18.9886 | -10.21282 | 37.80701
O2' | 20.25742 | -10.66757 | 38.25029
C1' | 18.19311 | -9.76452 | 39.01126
N9 | 16.74927 | -9.82177 | 38.81897
C8 | 15.86271 | -8.79725 | 38.62914
N7 | 14.63698 | -9.21661 | 38.4922
C5 | 14.71189 | -10.59293 | 38.61808
C6 | 13.71872 | -11.60248 | 38.56888
O6 | 12.50706 | -11.42726 | 38.40023
N1 | 14.23278 | -12.88487 | 38.7489
C2 | 15.57188 | -13.15695 | 38.92967
N2 | 15.89868 | -14.45159 | 39.07658
N3 | 16.51296 | -12.23213 | 38.98356
C4 | 16.01364 | -10.98747 | 38.81922
OP1A | 3.43535 | -18.17406 | 40.36164
OP1B | 1.82499 | -19.52749 | 35.08474
OP2A | 3.62611 | -15.65447 | 40.0021
OP2B | 2.95176 | -20.45007 | 37.23374
C4' | 5.75309 | -18.77456 | 36.95025
O4' | 6.31327 | -18.03886 | 35.83608
C3' | 6.83032 | -18.7281 | 38.01958
O3' | 6.74044 | -19.83174 | 38.89879
C2' | 8.10141 | -18.76629 | 37.1935
O2' | 8.30986 | -20.09847 | 36.74526
C1' | 7.7275 | -17.97385 | 35.96311
N1 | 8.0875 | -16.54134 | 35.99408
C2 | 9.42925 | -16.22688 | 35.76525
O2 | 10.22186 | -17.1716 | 35.62191
N3 | 9.80162 | -14.92762 | 35.74097
C4 | 8.88498 | -13.97584 | 35.90531
N4 | 9.28401 | -12.70397 | 35.88401
C5 | 7.51488 | -14.27097 | 36.12753
C6 | 7.15725 | -15.55903 | 36.14577
