42
C_A_11-A_A_9-1l2x.pdb
P | 42.1787 | -16.13347 | -34.43353
OP1 | 41.20365 | -15.74797 | -35.50864
OP2 | 42.53477 | -15.10166 | -33.43253
O5' | 41.57524 | -17.39436 | -33.6966
C5' | 42.29805 | -18.12264 | -32.7129
C4' | 41.4178 | -18.44116 | -31.53632
O4' | 40.96739 | -17.1988 | -30.91812
C3' | 40.11918 | -19.18476 | -31.80964
O3' | 40.32482 | -20.58175 | -31.89246
C2' | 39.2608 | -18.81814 | -30.61663
O2' | 39.64114 | -19.52552 | -29.4607
C1' | 39.65582 | -17.36857 | -30.39058
N9 | 38.79599 | -16.4048 | -31.07302
C8 | 39.14885 | -15.44187 | -31.97798
N7 | 38.13372 | -14.7278 | -32.40575
C5 | 37.04293 | -15.23602 | -31.71311
C6 | 35.68075 | -14.8993 | -31.69751
N6 | 35.12141 | -13.93257 | -32.42809
N1 | 34.86395 | -15.60949 | -30.88593
C2 | 35.39753 | -16.58691 | -30.14392
N3 | 36.6605 | -17.00338 | -30.07271
C4 | 37.44188 | -16.27183 | -30.88242
P | 35.9329 | -22.76061 | -36.56851
OP1 | 35.64474 | -24.21402 | -36.70725
OP2 | 37.30934 | -22.26976 | -36.86167
O5' | 34.99342 | -21.94756 | -37.56557
C5' | 33.57657 | -22.13368 | -37.54652
C4' | 32.95422 | -21.16465 | -38.51534
O4' | 33.17249 | -19.79965 | -38.07285
C3' | 33.52223 | -21.16923 | -39.93051
O3' | 33.01322 | -22.25505 | -40.67572
C2' | 33.06808 | -19.82923 | -40.45891
O2' | 31.65514 | -19.85586 | -40.65662
C1' | 33.32546 | -18.97493 | -39.22644
N1 | 34.68059 | -18.39307 | -39.19286
C2 | 34.89526 | -17.30996 | -40.05432
O2 | 33.9536 | -16.95428 | -40.79084
N3 | 36.09942 | -16.71068 | -40.02003
C4 | 37.06204 | -17.16224 | -39.21032
N4 | 38.24416 | -16.54693 | -39.24486
C5 | 36.8593 | -18.25893 | -38.32053
C6 | 35.65715 | -18.84253 | -38.36277
