40
C_A_3-C_A_3-1l2x.pdb
P | 28.01902 | 13.98772 | -15.85035
P | 28.01902 | 13.98772 | -15.85035
OP1 | 27.02978 | 13.48996 | -14.84911
OP1 | 27.02978 | 13.48996 | -14.84911
OP2 | 28.73638 | 15.25965 | -15.54764
OP2 | 28.73638 | 15.25965 | -15.54764
O5' | 29.12557 | 12.85628 | -16.0282
O5' | 29.12557 | 12.85628 | -16.0282
C5' | 28.73069 | 11.5277 | -16.36442
C5' | 28.73069 | 11.5277 | -16.36442
C4' | 29.97374 | 10.68271 | -16.4793
C4' | 29.97374 | 10.68271 | -16.4793
O4' | 30.82359 | 11.11782 | -17.57737
O4' | 30.82359 | 11.11782 | -17.57737
C3' | 30.91353 | 10.73943 | -15.2804
C3' | 30.91353 | 10.73943 | -15.2804
O3' | 30.46048 | 9.93563 | -14.19924
O3' | 30.46048 | 9.93563 | -14.19924
C2' | 32.20412 | 10.22183 | -15.87384
C2' | 32.20412 | 10.22183 | -15.87384
O2' | 32.14306 | 8.83286 | -16.02202
O2' | 32.14306 | 8.83286 | -16.02202
C1' | 32.18749 | 10.90254 | -17.23101
C1' | 32.18749 | 10.90254 | -17.23101
N1 | 32.86688 | 12.20915 | -17.23253
N1 | 32.86688 | 12.20915 | -17.23253
C2 | 34.26704 | 12.20504 | -17.20736
C2 | 34.26704 | 12.20504 | -17.20736
O2 | 34.85095 | 11.10951 | -17.197
O2 | 34.85095 | 11.10951 | -17.197
N3 | 34.92763 | 13.38479 | -17.22594
N3 | 34.92763 | 13.38479 | -17.22594
C4 | 34.26295 | 14.53486 | -17.22594
C4 | 34.26295 | 14.53486 | -17.22594
N4 | 34.9576 | 15.67458 | -17.22339
N4 | 34.9576 | 15.67458 | -17.22339
C5 | 32.83522 | 14.57638 | -17.22294
C5 | 32.83522 | 14.57638 | -17.22294
C6 | 32.19627 | 13.39852 | -17.24095
C6 | 32.19627 | 13.39852 | -17.24095
