40
C_A_17-C_A_15-1l2x.pdb
P | -23.1915 | -9.48588 | 26.79014
OP1 | -24.63319 | -9.46061 | 27.16371
OP2 | -22.15018 | -8.85117 | 27.64661
O5' | -22.78102 | -11.03242 | 26.67609
C5' | -23.62683 | -11.96592 | 25.98925
C4' | -23.01493 | -13.34254 | 26.06063
O4' | -21.80688 | -13.42969 | 25.2724
C3' | -22.55016 | -13.76038 | 27.45079
O3' | -23.61658 | -14.19118 | 28.26871
C2' | -21.59516 | -14.88669 | 27.11514
O2' | -22.31266 | -15.98602 | 26.57527
C1' | -20.85485 | -14.27174 | 25.94905
N1 | -19.67247 | -13.44545 | 26.26196
C2 | -18.44723 | -14.115 | 26.37996
O2 | -18.43377 | -15.35103 | 26.30515
N3 | -17.31753 | -13.41299 | 26.60471
C4 | -17.36828 | -12.07948 | 26.66333
N4 | -16.2357 | -11.42096 | 26.91388
C5 | -18.59289 | -11.36071 | 26.5629
C6 | -19.69492 | -12.08156 | 26.33096
P | -21.1111 | -17.25373 | 34.19504
OP1 | -22.02371 | -18.15809 | 34.95735
OP2 | -21.18982 | -15.79147 | 34.377
O5' | -19.60035 | -17.68189 | 34.48674
C5' | -18.78569 | -17.02447 | 35.44166
C4' | -17.33836 | -17.26385 | 35.08235
O4' | -17.00978 | -16.59947 | 33.83669
C3' | -16.3301 | -16.71032 | 36.08093
O3' | -16.13764 | -17.61309 | 37.16071
C2' | -15.09716 | -16.51762 | 35.23222
O2' | -14.43988 | -17.74051 | 35.0226
C1' | -15.6877 | -16.08421 | 33.89903
N1 | -15.75767 | -14.62153 | 33.72143
C2 | -14.53705 | -13.95224 | 33.55785
O2 | -13.49019 | -14.60705 | 33.60309
N3 | -14.55707 | -12.61863 | 33.3727
C4 | -15.70587 | -11.95459 | 33.31407
N4 | -15.62946 | -10.63485 | 33.12043
C5 | -16.95768 | -12.61319 | 33.44835
C6 | -16.9326 | -13.93433 | 33.64619
