40
C_A_17-C_A_17-1l2x.pdb
P | -31.59759 | -5.54512 | 23.62568
P | -31.59759 | -5.54512 | 23.62568
OP1 | -32.90633 | -5.95556 | 24.21779
OP1 | -32.90633 | -5.95556 | 24.21779
OP2 | -30.97291 | -4.26621 | 24.01515
OP2 | -30.97291 | -4.26621 | 24.01515
O5' | -30.5241 | -6.6948 | 23.90247
O5' | -30.5241 | -6.6948 | 23.90247
C5' | -29.59341 | -6.63689 | 24.96935
C5' | -29.59341 | -6.63689 | 24.96935
C4' | -28.41757 | -7.52109 | 24.62766
C4' | -28.41757 | -7.52109 | 24.62766
O4' | -27.68378 | -6.97492 | 23.50326
O4' | -27.68378 | -6.97492 | 23.50326
C3' | -27.37381 | -7.65345 | 25.7291
C3' | -27.37381 | -7.65345 | 25.7291
O3' | -27.75466 | -8.64506 | 26.67229
O3' | -27.75466 | -8.64506 | 26.67229
C2' | -26.12456 | -8.00544 | 24.959
C2' | -26.12456 | -8.00544 | 24.959
O2' | -26.12789 | -9.36184 | 24.59624
O2' | -26.12789 | -9.36184 | 24.59624
C1' | -26.292 | -7.19311 | 23.68382
C1' | -26.292 | -7.19311 | 23.68382
N1 | -25.6233 | -5.87876 | 23.7181
N1 | -25.6233 | -5.87876 | 23.7181
C2 | -24.2219 | -5.88917 | 23.69422
C2 | -24.2219 | -5.88917 | 23.69422
O2 | -23.63644 | -6.97716 | 23.67892
O2 | -23.63644 | -6.97716 | 23.67892
N3 | -23.57188 | -4.70994 | 23.70396
N3 | -23.57188 | -4.70994 | 23.70396
C4 | -24.23998 | -3.56199 | 23.70396
C4 | -24.23998 | -3.56199 | 23.70396
N4 | -23.51216 | -2.44158 | 23.70652
N4 | -23.51216 | -2.44158 | 23.70652
C5 | -25.6603 | -3.52369 | 23.69937
C5 | -25.6603 | -3.52369 | 23.69937
C6 | -26.30113 | -4.69608 | 23.70415
C6 | -26.30113 | -4.69608 | 23.70415
