40
C_A_8-C_A_15-1l2x.pdb
P | -16.94639 | -37.37006 | -3.0809
OP1 | -18.14548 | -36.77064 | -3.73405
OP2 | -15.60158 | -37.07643 | -3.6257
O5' | -16.99812 | -36.96672 | -1.55011
C5' | -16.25439 | -35.91521 | -0.94557
C4' | -16.68684 | -35.89598 | 0.49746
O4' | -16.16261 | -37.05521 | 1.20192
C3' | -16.18044 | -34.73356 | 1.34311
O3' | -16.8685 | -33.53581 | 1.01768
C2' | -16.4495 | -35.29494 | 2.72621
O2' | -17.8174 | -35.21434 | 2.98727
C1' | -16.00225 | -36.75884 | 2.56257
N1 | -14.60299 | -36.86529 | 2.98436
C2 | -14.35363 | -36.77689 | 4.3556
O2 | -15.33319 | -36.67412 | 5.10628
N3 | -13.08049 | -36.77512 | 4.79823
C4 | -12.0722 | -36.81932 | 3.92282
N4 | -10.83435 | -36.85825 | 4.42103
C5 | -12.2939 | -36.92205 | 2.52069
C6 | -13.56893 | -36.91519 | 2.10094
P | -13.16194 | -43.74352 | 11.68114
OP1 | -13.95464 | -44.29734 | 12.81409
OP2 | -11.87117 | -44.35542 | 11.25662
O5' | -14.11617 | -43.79728 | 10.39279
C5' | -15.48284 | -43.36839 | 10.47522
C4' | -16.14747 | -43.55319 | 9.13406
O4' | -15.62587 | -42.63238 | 8.15003
C3' | -15.9127 | -44.91471 | 8.4904
O3' | -16.73816 | -45.91958 | 9.03876
C2' | -16.25412 | -44.6192 | 7.04494
O2' | -17.64054 | -44.34106 | 6.92136
C1' | -15.55525 | -43.2898 | 6.87093
N1 | -14.13665 | -43.32257 | 6.46449
C2 | -13.87467 | -43.37127 | 5.08883
O2 | -14.82714 | -43.47195 | 4.30383
N3 | -12.60063 | -43.34222 | 4.64665
C4 | -11.59955 | -43.21674 | 5.52207
N4 | -10.35203 | -43.21879 | 5.05
C5 | -11.82005 | -43.17818 | 6.92787
C6 | -13.09294 | -43.1992 | 7.33678
