43
C_A_3-G_A_2-1l2x.pdb
P | -6.92878 | -23.20434 | -28.30696
OP1 | -7.95271 | -22.39052 | -27.60789
OP2 | -6.78437 | -23.04372 | -29.78753
O5' | -5.48406 | -22.87444 | -27.67841
C5' | -5.29432 | -23.01891 | -26.27318
C4' | -3.9037 | -23.51558 | -25.9852
O4' | -3.76105 | -24.93504 | -26.24418
C3' | -2.82462 | -22.86549 | -26.85523
O3' | -2.50045 | -21.57686 | -26.36892
C2' | -1.69788 | -23.85553 | -26.73563
O2' | -1.06136 | -23.78866 | -25.47235
C1' | -2.48542 | -25.14947 | -26.84909
N9 | -2.73007 | -25.56474 | -28.22901
C8 | -3.94773 | -25.75509 | -28.82396
N7 | -3.84617 | -26.14333 | -30.06138
C5 | -2.4837 | -26.23087 | -30.29764
C6 | -1.78523 | -26.60303 | -31.47192
O6 | -2.24604 | -26.9406 | -32.56374
N1 | -0.41029 | -26.55701 | -31.28701
C2 | 0.1903 | -26.18924 | -30.10859
N2 | 1.52235 | -26.20977 | -30.11602
N3 | -0.45009 | -25.84702 | -29.00751
C4 | -1.78503 | -25.88072 | -29.16984
P | -2.06107 | -20.41075 | -27.372
OP1 | -1.90068 | -19.15909 | -26.5742
OP2 | -2.95588 | -20.36679 | -28.56423
O5' | -0.61489 | -20.83493 | -27.88662
C5' | 0.44939 | -20.9962 | -26.95099
C4' | 1.68447 | -21.40869 | -27.71046
O4' | 1.52446 | -22.71308 | -28.3352
C3' | 2.05595 | -20.5129 | -28.88663
O3' | 2.70323 | -19.31709 | -28.47272
C2' | 2.97435 | -21.41205 | -29.68273
O2' | 4.22997 | -21.48049 | -29.07146
C1' | 2.24999 | -22.74086 | -29.55968
N1 | 1.28947 | -22.98061 | -30.64997
C2 | 1.81201 | -23.33584 | -31.89972
O2 | 3.04396 | -23.43882 | -32.01335
N3 | 0.96105 | -23.58164 | -32.92148
C4 | -0.35064 | -23.44906 | -32.75914
N4 | -1.15054 | -23.68212 | -33.80189
C5 | -0.91622 | -23.06081 | -31.50633
C6 | -0.06138 | -22.85613 | -30.49476
