42
C_A_26-A_A_25-1l2x.pdb
P | 14.27179 | 43.73415 | -1.59176
OP1 | 14.13413 | 43.44947 | -3.04944
OP2 | 13.07894 | 44.2425 | -0.85324
O5' | 14.75365 | 42.40109 | -0.87331
C5' | 15.23941 | 41.30892 | -1.66485
C4' | 16.73944 | 41.38861 | -1.75638
O4' | 17.28535 | 42.16086 | -0.66329
C3' | 17.46268 | 40.05142 | -1.63779
O3' | 17.46949 | 39.38404 | -2.88625
C2' | 18.83841 | 40.46133 | -1.16997
O2' | 19.62465 | 40.98492 | -2.21349
C1' | 18.5115 | 41.60072 | -0.22421
N9 | 18.3086 | 41.19049 | 1.16667
C8 | 17.14088 | 41.05432 | 1.86876
N7 | 17.31647 | 40.68582 | 3.11694
C5 | 18.69009 | 40.55877 | 3.24404
C6 | 19.51074 | 40.19604 | 4.32107
N6 | 19.05523 | 39.8614 | 5.5268
N1 | 20.84794 | 40.18511 | 4.10743
C2 | 21.30789 | 40.50633 | 2.8901
N3 | 20.63275 | 40.85957 | 1.79515
C4 | 19.31388 | 40.8769 | 2.05197
P | 17.32381 | 37.78652 | -2.91424
OP1 | 17.30618 | 37.30933 | -4.3238
OP2 | 16.19596 | 37.37256 | -2.02345
O5' | 18.68159 | 37.28454 | -2.24806
C5' | 19.94976 | 37.49294 | -2.86934
C4' | 21.03532 | 37.03955 | -1.92794
O4' | 21.02851 | 37.84774 | -0.72648
C3' | 20.90434 | 35.62336 | -1.3818
O3' | 21.35415 | 34.64192 | -2.30017
C2' | 21.7758 | 35.67151 | -0.14207
O2' | 23.14168 | 35.66158 | -0.50188
C1' | 21.43764 | 37.0555 | 0.38535
N1 | 20.35151 | 37.07766 | 1.38273
C2 | 20.73408 | 36.73754 | 2.6871
O2 | 21.92998 | 36.45598 | 2.86246
N3 | 19.80708 | 36.74443 | 3.66803
C4 | 18.53533 | 37.06255 | 3.41122
N4 | 17.66134 | 37.068 | 4.42061
C5 | 18.11982 | 37.4101 | 2.09219
C6 | 19.05519 | 37.40903 | 1.12808
