43
C_A_5-G_A_16-1l2x.pdb
P | 16.40775 | -5.3663 | -28.28919
OP1 | 15.76951 | -6.35877 | -27.38024
OP2 | 16.30522 | -3.91906 | -27.95064
O5' | 17.95413 | -5.70684 | -28.42348
C5' | 18.33757 | -7.03917 | -28.77744
C4' | 19.82152 | -7.06958 | -29.0102
O4' | 20.20518 | -6.22478 | -30.1247
C3' | 20.68518 | -6.52541 | -27.86615
O3' | 20.73973 | -7.42659 | -26.77456
C2' | 22.00456 | -6.33784 | -28.59139
O2' | 22.55486 | -7.6185 | -28.88666
C1' | 21.51172 | -5.71787 | -29.88943
N1 | 21.40799 | -4.25167 | -29.83893
C2 | 22.57309 | -3.49992 | -29.9929
O2 | 23.6283 | -4.10652 | -30.1998
N3 | 22.50599 | -2.15186 | -29.97194
C4 | 21.33486 | -1.5506 | -29.76248
N4 | 21.29844 | -0.22118 | -29.73038
C5 | 20.14905 | -2.30599 | -29.59171
C6 | 20.20942 | -3.63045 | -29.63038
P | 30.70891 | 6.14842 | -31.64511
OP1 | 31.95814 | 6.52939 | -32.36948
OP2 | 29.39587 | 6.59061 | -32.17945
O5' | 30.64338 | 4.56562 | -31.52289
C5' | 31.7955 | 3.85997 | -31.04514
C4' | 31.48069 | 2.40417 | -30.85359
O4' | 30.4424 | 2.20836 | -29.86884
C3' | 30.92265 | 1.6846 | -32.08436
O3' | 31.96291 | 1.41028 | -32.99566
C2' | 30.31868 | 0.4505 | -31.4702
O2' | 31.34376 | -0.47035 | -31.0648
C1' | 29.70582 | 1.03156 | -30.20201
N9 | 28.30585 | 1.43133 | -30.33554
C8 | 27.79118 | 2.6748 | -30.56143
N7 | 26.48064 | 2.69227 | -30.62018
C5 | 26.11501 | 1.36899 | -30.42049
C6 | 24.8455 | 0.74381 | -30.3827
O6 | 23.72832 | 1.25946 | -30.51448
N1 | 24.94828 | -0.62591 | -30.1599
C2 | 26.11719 | -1.32034 | -29.9965
N2 | 25.99582 | -2.6454 | -29.78958
N3 | 27.30146 | -0.74727 | -30.03144
C4 | 27.2295 | 0.57644 | -30.2409
