39
C_A_8-C_A_14-1l2x.pdb
P | 14.09396 | -40.79061 | 13.94648
OP1 | 15.0835 | -40.16479 | 14.86998
OP2 | 12.67169 | -40.38792 | 14.02735
O5' | 14.62552 | -40.5666 | 12.47139
C5' | 14.1693 | -39.56444 | 11.57038
C4' | 15.01088 | -39.72565 | 10.33124
O4' | 14.64062 | -40.93773 | 9.61803
C3' | 14.85993 | -38.64953 | 9.26261
O3' | 15.5014 | -37.44839 | 9.66226
C2' | 15.48798 | -39.37438 | 8.0876
O2' | 16.87387 | -39.37404 | 8.24615
C1' | 14.9123 | -40.79278 | 8.25051
N1 | 13.69747 | -40.89549 | 7.43761
C2 | 13.87315 | -40.95498 | 6.05345
O2 | 15.03605 | -40.97428 | 5.62811
N3 | 12.79211 | -40.95724 | 5.24836
C4 | 11.56887 | -40.86452 | 5.77755
N4 | 10.53512 | -40.91481 | 4.93442
C5 | 11.35669 | -40.81474 | 7.18402
C6 | 12.44692 | -40.80659 | 7.96714
OP1A | 11.58395 | -48.10372 | -3.6704
OP1B | 12.79617 | -42.77139 | -5.20904
OP2A | 9.33446 | -47.61554 | -2.56792
OP2B | 13.84078 | -45.08533 | -4.66733
C4' | 13.27762 | -45.01689 | -1.44036
O4' | 12.89321 | -43.93004 | -0.56434
C3' | 13.50516 | -46.19558 | -0.51033
O3' | 14.41871 | -47.12453 | -1.05949
C2' | 14.06169 | -45.52127 | 0.72867
O2' | 15.41997 | -45.18099 | 0.48713
C1' | 13.31128 | -44.21084 | 0.76487
N1 | 12.09696 | -44.19498 | 1.60619
C2 | 12.29148 | -44.09955 | 2.98627
O2 | 13.46172 | -44.10374 | 3.40072
N3 | 11.21108 | -44.03837 | 3.79641
C4 | 9.98917 | -44.04067 | 3.26723
N4 | 8.94329 | -43.9871 | 4.09222
C5 | 9.76741 | -44.12519 | 1.86818
C6 | 10.84306 | -44.18135 | 1.07624
