39
C_A_15-C_A_14-1l2x.pdb
OP1A | -6.46391 | -13.88586 | 40.29858
OP1B | -7.84933 | -14.44515 | 34.81784
OP2A | -4.94746 | -11.84939 | 40.03951
OP2B | -7.65304 | -15.72004 | 37.07063
C4' | -4.37975 | -15.75423 | 37.2106
O4' | -3.38115 | -15.46669 | 36.20237
C3' | -3.58307 | -16.22469 | 38.41477
O3' | -4.34539 | -17.08084 | 39.2424
C2' | -2.42307 | -16.95354 | 37.7646
O2' | -2.88156 | -18.21945 | 37.31039
C1' | -2.16908 | -16.13857 | 36.51843
N1 | -1.12467 | -15.10049 | 36.63783
C2 | 0.20151 | -15.53785 | 36.5988
O2 | 0.3986 | -16.76195 | 36.53549
N3 | 1.19424 | -14.62247 | 36.66133
C4 | 0.89335 | -13.32711 | 36.72914
N4 | 1.89398 | -12.4488 | 36.79738
C5 | -0.44588 | -12.85884 | 36.75839
C6 | -1.41956 | -13.77256 | 36.69216
P | -3.96723 | -17.28319 | 40.79871
OP1 | -4.96709 | -18.21944 | 41.38384
OP2 | -3.67943 | -15.95875 | 41.41821
O5' | -2.56922 | -18.06961 | 40.77832
C5' | -2.50033 | -19.42932 | 40.32556
C4' | -1.0801 | -19.92381 | 40.43973
O4' | -0.21056 | -19.26964 | 39.48881
C3' | -0.41046 | -19.63077 | 41.77721
O3' | -0.80665 | -20.53319 | 42.78742
C2' | 1.05157 | -19.78442 | 41.41375
O2' | 1.33385 | -21.14022 | 41.10243
C1' | 1.07791 | -19.04953 | 40.09268
N1 | 1.30607 | -17.5919 | 40.13706
C2 | 2.63932 | -17.1608 | 40.13267
O2 | 3.54025 | -18.00909 | 40.18053
N3 | 2.91809 | -15.84119 | 40.11084
C4 | 1.92039 | -14.95561 | 40.04303
N4 | 2.23347 | -13.65904 | 40.05046
C5 | 0.55255 | -15.34948 | 40.05967
C6 | 0.30626 | -16.66367 | 40.07209
