40
C_A_11-C_A_11-1l2x.pdb
P | 6.66163 | 22.63306 | 44.64858
P | 6.66163 | 22.63306 | 44.64858
OP1 | 5.56397 | 22.21158 | 45.56082
OP1 | 5.56397 | 22.21158 | 45.56082
OP2 | 7.44654 | 23.85457 | 44.98515
OP2 | 7.44654 | 23.85457 | 44.98515
O5' | 7.74438 | 21.46746 | 44.5659
O5' | 7.74438 | 21.46746 | 44.5659
C5' | 7.35611 | 20.13514 | 44.22435
C5' | 7.35611 | 20.13514 | 44.22435
C4' | 8.59538 | 19.28717 | 44.12376
C4' | 8.59538 | 19.28717 | 44.12376
O4' | 9.4293 | 19.74196 | 43.0263
O4' | 9.4293 | 19.74196 | 43.0263
C3' | 9.53867 | 19.32896 | 45.32117
C3' | 9.53867 | 19.32896 | 45.32117
O3' | 9.05782 | 18.51744 | 46.37172
O3' | 9.05782 | 18.51744 | 46.37172
C2' | 10.82914 | 18.81715 | 44.72637
C2' | 10.82914 | 18.81715 | 44.72637
O2' | 10.69681 | 17.42495 | 44.44272
O2' | 10.69681 | 17.42495 | 44.44272
C1' | 10.79413 | 19.54517 | 43.39077
C1' | 10.79413 | 19.54517 | 43.39077
N1 | 11.4494 | 20.86623 | 43.42938
N1 | 11.4494 | 20.86623 | 43.42938
C2 | 12.84968 | 20.84665 | 43.44277
C2 | 12.84968 | 20.84665 | 43.44277
O2 | 13.41788 | 19.7364 | 43.4563
O2 | 13.41788 | 19.7364 | 43.4563
N3 | 13.49344 | 22.02795 | 43.42279
N3 | 13.49344 | 22.02795 | 43.42279
C4 | 12.80966 | 23.17626 | 43.42279
C4 | 12.80966 | 23.17626 | 43.42279
N4 | 13.50386 | 24.31429 | 43.43542
N4 | 13.50386 | 24.31429 | 43.43542
C5 | 11.38364 | 23.21583 | 43.40122
C5 | 11.38364 | 23.21583 | 43.40122
C6 | 10.75723 | 22.03478 | 43.4178
C6 | 10.75723 | 22.03478 | 43.4178
