46
G_A_16-G_A_7-1l2x.pdb
P | -18.89977 | -30.81486 | 2.97528
OP1 | -19.85407 | -30.11532 | 2.07136
OP2 | -17.4992 | -30.31679 | 3.09659
O5' | -19.49803 | -30.78278 | 4.44986
C5' | -20.86327 | -31.1095 | 4.71458
C4' | -21.11168 | -30.87371 | 6.17986
O4' | -20.30607 | -31.73215 | 7.0113
C3' | -20.72319 | -29.48319 | 6.6642
O3' | -21.71265 | -28.5527 | 6.2629
C2' | -20.62096 | -29.70066 | 8.15572
O2' | -21.91131 | -29.81688 | 8.73065
C1' | -19.93167 | -31.0577 | 8.21148
N9 | -18.47174 | -30.99956 | 8.25944
C8 | -17.58442 | -31.0352 | 7.21253
N7 | -16.33392 | -30.96505 | 7.58897
C5 | -16.39287 | -30.87359 | 8.97306
C6 | -15.36875 | -30.78244 | 9.94291
O6 | -14.14191 | -30.74381 | 9.79314
N1 | -15.89453 | -30.71767 | 11.23024
C2 | -17.22227 | -30.73777 | 11.55465
N2 | -17.51293 | -30.66615 | 12.86203
N3 | -18.19161 | -30.83879 | 10.66058
C4 | -17.70729 | -30.89701 | 9.39967
P | -19.08646 | -37.67563 | 17.45736
OP1 | -20.07268 | -38.35685 | 18.34828
OP2 | -17.64414 | -38.00536 | 17.58426
O5' | -19.48534 | -37.94352 | 15.94289
C5' | -20.84142 | -37.72385 | 15.535
C4' | -20.97659 | -37.87855 | 14.04741
O4' | -20.17273 | -36.91239 | 13.33574
C3' | -20.48824 | -39.21319 | 13.47801
O3' | -21.43579 | -40.22427 | 13.73828
C2' | -20.34115 | -38.88723 | 12.01614
O2' | -21.62756 | -38.78301 | 11.38576
C1' | -19.76011 | -37.48079 | 12.09273
N9 | -18.29925 | -37.42809 | 12.06667
C8 | -17.43072 | -37.30954 | 13.11247
N7 | -16.17217 | -37.28403 | 12.74278
C5 | -16.2228 | -37.39517 | 11.36086
C6 | -15.19662 | -37.43706 | 10.38663
O6 | -13.97225 | -37.37095 | 10.55367
N1 | -15.70867 | -37.56518 | 9.09909
C2 | -17.03663 | -37.64783 | 8.7751
N2 | -17.32093 | -37.76696 | 7.46426
N3 | -17.9968 | -37.61095 | 9.67445
C4 | -17.52873 | -37.4831 | 10.92578
