43
G_A_27-C_A_11-1l2x.pdb
P | -30.58832 | 2.98804 | -14.60708
OP1 | -30.73546 | 2.78337 | -16.07376
OP2 | -31.74445 | 3.52887 | -13.83746
O5' | -30.26329 | 1.58915 | -13.91768
C5' | -29.17311 | 0.78675 | -14.37608
C4' | -29.05011 | -0.4122 | -13.47476
O4' | -28.68915 | 0.00232 | -12.13143
C3' | -30.32147 | -1.22646 | -13.26038
O3' | -30.57289 | -2.07061 | -14.36386
C2' | -30.00005 | -1.98982 | -11.99744
O2' | -29.00676 | -2.97386 | -12.28246
C1' | -29.31379 | -0.88588 | -11.20662
N1 | -30.24478 | -0.09758 | -10.37721
C2 | -30.69602 | -0.72662 | -9.21015
O2 | -30.31019 | -1.89182 | -8.98848
N3 | -31.50408 | -0.02685 | -8.39305
C4 | -31.88324 | 1.21489 | -8.71005
N4 | -32.71072 | 1.8452 | -7.87627
C5 | -31.42768 | 1.87456 | -9.89025
C6 | -30.62265 | 1.1687 | -10.69102
P | -35.35699 | -2.29383 | 2.3176
OP1 | -35.20956 | -3.0005 | 3.62086
OP2 | -34.89773 | -0.8887 | 2.21422
O5' | -34.58378 | -3.14508 | 1.20948
C5' | -34.8565 | -4.54921 | 1.13712
C4' | -34.13889 | -5.13384 | -0.04136
O4' | -34.68456 | -4.59571 | -1.27427
C3' | -32.65484 | -4.81044 | -0.13956
O3' | -31.89539 | -5.65906 | 0.70828
C2' | -32.36689 | -5.02846 | -1.60907
O2' | -32.34091 | -6.43446 | -1.90379
C1' | -33.64076 | -4.52938 | -2.25809
N9 | -33.63729 | -3.14331 | -2.7162
C8 | -34.13261 | -2.04096 | -2.07377
N7 | -33.97496 | -0.93348 | -2.75063
C5 | -33.34584 | -1.33603 | -3.91994
C6 | -32.93071 | -0.58152 | -5.04554
O6 | -33.02836 | 0.64272 | -5.24843
N1 | -32.34033 | -1.40494 | -5.99865
C2 | -32.155 | -2.75878 | -5.88711
N2 | -31.55969 | -3.39272 | -6.90933
N3 | -32.55143 | -3.47536 | -4.84522
C4 | -33.12933 | -2.69648 | -3.91056
