43
G_A_27-C_A_26-1l2x.pdb
P | -34.00421 | 3.94555 | 2.16534
OP1 | -33.60979 | 4.57617 | 3.45438
OP2 | -33.16132 | 4.22978 | 0.96296
O5' | -34.02724 | 2.36717 | 2.38334
C5' | -34.72268 | 1.76571 | 3.47525
C4' | -34.67736 | 0.26792 | 3.31771
O4' | -35.37671 | -0.13225 | 2.11458
C3' | -33.29689 | -0.34706 | 3.12502
O3' | -32.59379 | -0.50012 | 4.34615
C2' | -33.62335 | -1.68691 | 2.49499
O2' | -34.14374 | -2.57155 | 3.46545
C1' | -34.75593 | -1.29064 | 1.56324
N1 | -34.32822 | -0.96618 | 0.18966
C2 | -34.10835 | -2.07209 | -0.64224
O2 | -34.29286 | -3.19255 | -0.14151
N3 | -33.72724 | -1.86865 | -1.92089
C4 | -33.55101 | -0.63363 | -2.39856
N4 | -33.1875 | -0.48769 | -3.67501
C5 | -33.76586 | 0.50834 | -1.5721
C6 | -34.15489 | 0.29099 | -0.30489
P | -31.0034 | -0.25497 | 4.36894
OP1 | -30.61505 | -0.19743 | 5.80612
OP2 | -30.59173 | 0.85354 | 3.47577
O5' | -30.42707 | -1.61447 | 3.76065
C5' | -30.68656 | -2.82768 | 4.47617
C4' | -30.18161 | -3.9916 | 3.67874
O4' | -30.94662 | -4.12474 | 2.45218
C3' | -28.74403 | -3.88517 | 3.19018
O3' | -27.83254 | -4.23258 | 4.22181
C2' | -28.71937 | -4.85207 | 2.02639
O2' | -28.72459 | -6.20546 | 2.50874
C1' | -30.09611 | -4.65911 | 1.42607
N9 | -30.19582 | -3.71332 | 0.31854
C8 | -30.58566 | -2.40204 | 0.3611
N7 | -30.56839 | -1.81906 | -0.80908
C5 | -30.15167 | -2.81584 | -1.67965
C6 | -29.95562 | -2.78598 | -3.08297
O6 | -30.10681 | -1.83853 | -3.87601
N1 | -29.53196 | -4.02717 | -3.5466
C2 | -29.30878 | -5.1393 | -2.77653
N2 | -28.89553 | -6.2549 | -3.39772
N3 | -29.50195 | -5.18149 | -1.46616
C4 | -29.91593 | -3.98881 | -0.99674
