43
G_A_2-C_A_3-1l2x.pdb
P | -24.31597 | -0.23119 | -1.38566
OP1 | -23.53908 | 1.0256 | -1.51353
OP2 | -25.253 | -0.6017 | -2.49175
O5' | -23.29101 | -1.46339 | -1.23638
C5' | -22.31585 | -1.42698 | -0.1975
C4' | -22.08171 | -2.81104 | 0.3438
O4' | -23.14484 | -3.24311 | 1.23
C3' | -22.0305 | -3.89474 | -0.73646
O3' | -20.77082 | -3.89816 | -1.38095
C2' | -22.3002 | -5.13895 | 0.06555
O2' | -21.18233 | -5.52323 | 0.84542
C1' | -23.40682 | -4.62235 | 0.96881
N9 | -24.73607 | -4.69916 | 0.36577
C8 | -25.59107 | -3.65666 | 0.13112
N7 | -26.71397 | -4.03928 | -0.40268
C5 | -26.6053 | -5.41601 | -0.51501
C6 | -27.52462 | -6.36314 | -1.02794
O6 | -28.64811 | -6.16657 | -1.4943
N1 | -27.02124 | -7.65496 | -0.96034
C2 | -25.78095 | -7.96656 | -0.46111
N2 | -25.47058 | -9.26209 | -0.47096
N3 | -24.91967 | -7.09373 | 0.02466
C4 | -25.38887 | -5.83457 | -0.03775
P | -20.64335 | -4.29491 | -2.92541
OP1 | -19.22152 | -4.0917 | -3.33278
OP2 | -21.70232 | -3.62855 | -3.73693
O5' | -20.93212 | -5.86036 | -2.97247
C5' | -20.09296 | -6.75631 | -2.2464
C4' | -20.60425 | -8.15794 | -2.46171
O4' | -21.93406 | -8.34053 | -1.89994
C3' | -20.79264 | -8.5665 | -3.9182
O3' | -19.56529 | -8.9119 | -4.54637
C2' | -21.7208 | -9.75295 | -3.78946
O2' | -21.01052 | -10.87471 | -3.3512
C1' | -22.66234 | -9.26234 | -2.70393
N1 | -23.84539 | -8.56418 | -3.23475
C2 | -24.85213 | -9.35107 | -3.80782
O2 | -24.6965 | -10.58262 | -3.82512
N3 | -25.96222 | -8.74817 | -4.29024
C4 | -26.08316 | -7.42566 | -4.26148
N4 | -27.18773 | -6.87366 | -4.76816
C5 | -25.06366 | -6.59075 | -3.7104
C6 | -23.98638 | -7.2064 | -3.20407
