43
G_A_27-C_A_8-1l2x.pdb
P | -33.08534 | 16.02936 | -4.2531
OP1 | -32.785 | 17.03153 | -3.19048
OP2 | -32.29061 | 16.03711 | -5.50205
O5' | -33.00305 | 14.59752 | -3.58101
C5' | -31.89904 | 13.70432 | -3.66835
C4' | -32.27839 | 12.51387 | -2.82656
O4' | -33.32171 | 11.73957 | -3.4799
C3' | -31.18924 | 11.47444 | -2.58963
O3' | -30.23015 | 11.95204 | -1.65904
C2' | -32.04751 | 10.31626 | -2.11795
O2' | -32.44934 | 10.55855 | -0.80431
C1' | -33.24167 | 10.39665 | -3.08612
N1 | -32.9778 | 9.50855 | -4.22137
C2 | -33.06554 | 8.13639 | -3.97686
O2 | -33.41344 | 7.78201 | -2.8424
N3 | -32.74421 | 7.26754 | -4.95598
C4 | -32.3101 | 7.7243 | -6.13406
N4 | -32.04785 | 6.81878 | -7.07919
C5 | -32.22144 | 9.11618 | -6.41775
C6 | -32.53946 | 9.96386 | -5.42667
P | -32.0735 | -0.62309 | 4.84179
OP1 | -31.94866 | -1.67333 | 5.89108
OP2 | -31.40439 | 0.68141 | 5.05768
O5' | -31.5266 | -1.23366 | 3.47119
C5' | -32.02434 | -2.51408 | 3.06627
C4' | -31.49465 | -2.84401 | 1.70386
O4' | -32.03351 | -1.91995 | 0.72246
C3' | -29.98876 | -2.70882 | 1.52876
O3' | -29.31626 | -3.85164 | 2.03617
C2' | -29.84426 | -2.55201 | 0.03062
O2' | -30.06395 | -3.81341 | -0.62129
C1' | -31.06494 | -1.72734 | -0.31995
N9 | -30.87283 | -0.28235 | -0.39848
C8 | -31.13905 | 0.65768 | 0.56001
N7 | -30.85511 | 1.87667 | 0.18193
C5 | -30.38282 | 1.72951 | -1.11438
C6 | -29.93351 | 2.70087 | -2.04345
O6 | -29.84869 | 3.93535 | -1.90814
N1 | -29.55121 | 2.09887 | -3.23778
C2 | -29.57686 | 0.75424 | -3.50422
N2 | -29.16437 | 0.35096 | -4.71601
N3 | -30.00765 | -0.16056 | -2.64764
C4 | -30.38609 | 0.40242 | -1.484
