42
G_A_12-C_A_8-1l2x.pdb
P | -31.05723 | 5.96055 | 13.64526
OP1 | -30.55999 | 6.23465 | 15.02415
OP2 | -30.60431 | 6.81908 | 12.52752
O5' | -30.7225 | 4.44687 | 13.32065
C5' | -29.62434 | 3.99115 | 12.53922
C4' | -29.70734 | 2.48717 | 12.56899
O4' | -30.83298 | 2.0232 | 11.77364
C3' | -28.53315 | 1.72968 | 11.96051
O3' | -27.40126 | 1.78321 | 12.81487
C2' | -29.17384 | 0.36458 | 11.79769
O2' | -29.246 | -0.25154 | 13.04709
C1' | -30.5758 | 0.73607 | 11.28163
N1 | -30.55318 | 0.70483 | 9.81682
C2 | -30.49388 | -0.55539 | 9.21798
O2 | -30.52314 | -1.54222 | 9.96561
N3 | -30.37762 | -0.64698 | 7.87824
C4 | -30.28221 | 0.4636 | 7.14173
N4 | -30.21227 | 0.31193 | 5.81729
C5 | -30.35167 | 1.76178 | 7.72102
C6 | -30.46045 | 1.83027 | 9.05721
P | -29.34304 | 0.72686 | -0.25159
OP1 | -29.88278 | 1.0646 | -1.60059
OP2 | -29.90156 | 1.42277 | 0.93876
O5' | -29.56552 | -0.83431 | -0.0043
C5' | -29.12879 | -1.74865 | -1.02066
C4' | -29.3761 | -3.15445 | -0.54456
O4' | -28.59533 | -3.39092 | 0.65498
C3' | -30.79155 | -3.49972 | -0.10537
C2' | -30.55507 | -4.71707 | 0.76476
O2' | -30.29817 | -5.8721 | -0.01633
C1' | -29.25826 | -4.35924 | 1.46529
N9 | -29.44117 | -3.76677 | 2.78924
C8 | -29.46712 | -2.44181 | 3.12275
N7 | -29.64629 | -2.2441 | 4.40233
C5 | -29.7548 | -3.52411 | 4.93704
C6 | -29.9582 | -3.96359 | 6.26822
O6 | -30.09939 | -3.29181 | 7.29728
N1 | -30.00514 | -5.34931 | 6.3331
C2 | -29.87144 | -6.21719 | 5.28298
N2 | -29.9494 | -7.52396 | 5.58388
N3 | -29.68016 | -5.82564 | 4.03717
C4 | -29.6279 | -4.47676 | 3.94682
