42
G_A_12-C_A_26-1l2x.pdb
P | -30.03819 | -2.62683 | -2.15648
OP1 | -30.54571 | -3.43123 | -3.30563
OP2 | -30.80438 | -1.42563 | -1.72842
O5' | -29.95218 | -3.5825 | -0.88087
C5' | -29.27166 | -4.83821 | -1.02168
C4' | -29.25675 | -5.53211 | 0.31338
O4' | -28.52474 | -4.71464 | 1.26223
C3' | -30.59732 | -5.73958 | 1.00289
C2' | -30.17443 | -5.93642 | 2.44422
O2' | -29.63574 | -7.23077 | 2.65556
C1' | -29.02726 | -4.95291 | 2.5754
N9 | -29.41425 | -3.65872 | 3.13454
C8 | -29.73272 | -2.51222 | 2.46257
N7 | -30.03233 | -1.52226 | 3.26177
C5 | -29.91147 | -2.06148 | 4.53878
C6 | -30.10772 | -1.48297 | 5.81682
O6 | -30.4508 | -0.33011 | 6.10561
N1 | -29.8742 | -2.40949 | 6.82362
C2 | -29.4969 | -3.71459 | 6.65569
N2 | -29.32536 | -4.42861 | 7.78042
N3 | -29.30831 | -4.26954 | 5.47315
C4 | -29.52742 | -3.38523 | 4.47296
P | -28.45347 | 1.12958 | 15.97142
OP1 | -27.69399 | 0.92577 | 17.23496
OP2 | -27.88045 | 2.06687 | 14.9565
O5' | -28.6314 | -0.29328 | 15.27633
C5' | -29.12906 | -1.42523 | 15.98957
C4' | -29.31706 | -2.56681 | 15.02432
O4' | -30.32074 | -2.22965 | 14.03655
C3' | -28.11043 | -2.92968 | 14.16793
O3' | -27.17116 | -3.7321 | 14.86281
C2' | -28.74513 | -3.68201 | 13.01474
O2' | -29.13891 | -4.97367 | 13.42917
C1' | -30.00019 | -2.85433 | 12.7963
N1 | -29.86172 | -1.79679 | 11.77778
C2 | -29.98556 | -2.2287 | 10.45055
O2 | -30.19436 | -3.43936 | 10.27481
N3 | -29.88595 | -1.32577 | 9.45236
C4 | -29.66487 | -0.03415 | 9.7119
N4 | -29.58923 | 0.81979 | 8.68827
C5 | -29.53275 | 0.43063 | 11.05347
C6 | -29.64444 | -0.47744 | 12.03701
