46
G_A_4-G_A_4-1l2x.pdb
P | 24.85818 | 0.35267 | -22.17039
P | 24.85818 | 0.35267 | -22.17039
OP1 | 23.9912 | -0.29345 | -21.16603
OP1 | 23.9912 | -0.29345 | -21.16603
OP2 | 25.25562 | 1.78061 | -22.04413
OP2 | 25.25562 | 1.78061 | -22.04413
O5' | 26.2169 | -0.50523 | -22.23068
O5' | 26.2169 | -0.50523 | -22.23068
C5' | 26.12458 | -1.90361 | -22.55305
C5' | 26.12458 | -1.90361 | -22.55305
C4' | 27.50069 | -2.48477 | -22.70956
C4' | 27.50069 | -2.48477 | -22.70956
O4' | 28.14848 | -1.87179 | -23.85113
O4' | 28.14848 | -1.87179 | -23.85113
C3' | 28.49641 | -2.23559 | -21.58054
C3' | 28.49641 | -2.23559 | -21.58054
O3' | 28.26096 | -3.11647 | -20.50048
O3' | 28.26096 | -3.11647 | -20.50048
C2' | 29.81387 | -2.47891 | -22.28997
C2' | 29.81387 | -2.47891 | -22.28997
O2' | 29.95631 | -3.85075 | -22.63671
O2' | 29.95631 | -3.85075 | -22.63671
C1' | 29.54338 | -1.76155 | -23.6022
C1' | 29.54338 | -1.76155 | -23.6022
N9 | 29.88456 | -0.34306 | -23.58685
N9 | 29.88456 | -0.34306 | -23.58685
C8 | 29.05975 | 0.74713 | -23.5862
C8 | 29.05975 | 0.74713 | -23.5862
N7 | 29.72817 | 1.86864 | -23.58821
N7 | 29.72817 | 1.86864 | -23.58821
C5 | 31.06705 | 1.50523 | -23.59162
C5 | 31.06705 | 1.50523 | -23.59162
C6 | 32.25452 | 2.28184 | -23.59165
C6 | 32.25452 | 2.28184 | -23.59165
O6 | 32.3993 | 3.5182 | -23.58602
O6 | 32.3993 | 3.5182 | -23.58602
N1 | 33.38979 | 1.47946 | -23.59475
N1 | 33.38979 | 1.47946 | -23.59475
C2 | 33.38848 | 0.10669 | -23.58855
C2 | 33.38848 | 0.10669 | -23.58855
N2 | 34.59168 | -0.49256 | -23.59052
N2 | 34.59168 | -0.49256 | -23.59052
N3 | 32.29376 | -0.63583 | -23.598
N3 | 32.29376 | -0.63583 | -23.598
C4 | 31.18032 | 0.1276 | -23.59903
C4 | 31.18032 | 0.1276 | -23.59903
