43
G_A_18-C_A_17-1l2x.pdb
P | -28.75312 | 4.21152 | -5.76839
OP1 | -30.18021 | 4.21319 | -6.21025
OP2 | -28.39267 | 4.67461 | -4.41445
O5' | -28.16554 | 2.73534 | -5.93097
C5' | -28.07318 | 1.82153 | -4.85201
C4' | -27.0077 | 0.80186 | -5.17787
O4' | -25.70081 | 1.42805 | -5.20895
C3' | -26.86231 | -0.32112 | -4.1591
O3' | -27.81615 | -1.34694 | -4.39538
C2' | -25.43568 | -0.76899 | -4.36333
O2' | -25.32749 | -1.58673 | -5.49956
C1' | -24.72805 | 0.54068 | -4.67642
N1 | -24.11426 | 1.18646 | -3.50079
C2 | -22.99297 | 0.54953 | -2.95157
O2 | -22.60877 | -0.51261 | -3.45255
N3 | -22.38994 | 1.11646 | -1.88942
C4 | -22.82533 | 2.2682 | -1.39136
N4 | -22.16121 | 2.75976 | -0.34143
C5 | -23.94204 | 2.9485 | -1.94721
C6 | -24.54606 | 2.37519 | -2.99203
P | -28.326 | -2.22435 | -3.14191
OP1 | -29.4555 | -3.05661 | -3.64506
OP2 | -28.50096 | -1.37997 | -1.9358
O5' | -27.09996 | -3.18009 | -2.81569
C5' | -26.57031 | -4.12463 | -3.73708
C4' | -25.66736 | -5.08998 | -3.02302
O4' | -24.55978 | -4.3609 | -2.43504
C3' | -26.28204 | -5.83052 | -1.84721
O3' | -25.68623 | -7.08898 | -1.66152
C2' | -25.93121 | -4.96835 | -0.66157
O2' | -26.01361 | -5.65033 | 0.56984
C1' | -24.50273 | -4.56598 | -1.04763
N9 | -24.1306 | -3.35024 | -0.34559
C8 | -24.76068 | -2.13151 | -0.49502
N7 | -24.23152 | -1.20378 | 0.25952
C5 | -23.21693 | -1.84654 | 0.94892
C6 | -22.30438 | -1.34887 | 1.90982
O6 | -22.21939 | -0.19967 | 2.35318
N1 | -21.43062 | -2.33233 | 2.35957
C2 | -21.42432 | -3.63196 | 1.92837
N2 | -20.4985 | -4.43418 | 2.47903
N3 | -22.26686 | -4.11059 | 1.02727
C4 | -23.13991 | -3.17341 | 0.58627
