46
G_A_27-G_A_28-1l2x.pdb
P | -16.24448 | 10.05195 | -50.27478
OP1 | -17.52504 | 9.52315 | -49.72694
OP2 | -15.66173 | 11.27254 | -49.66932
O5' | -15.15428 | 8.88887 | -50.17917
C5' | -15.50955 | 7.59863 | -50.68932
C4' | -14.31582 | 6.69488 | -50.62759
O4' | -13.28415 | 7.16951 | -51.53191
C3' | -13.60541 | 6.62783 | -49.28317
O3' | -14.28187 | 5.74838 | -48.39732
C2' | -12.22475 | 6.13955 | -49.66434
O2' | -12.26976 | 4.74282 | -49.99822
C1' | -11.99706 | 6.8379 | -50.98854
N9 | -11.26747 | 8.10141 | -50.94033
C8 | -11.77826 | 9.37118 | -50.93561
N7 | -10.85807 | 10.29868 | -50.88573
C5 | -9.66383 | 9.59253 | -50.86895
C6 | -8.32458 | 10.05474 | -50.83162
O6 | -7.89914 | 11.22402 | -50.79659
N1 | -7.43527 | 8.98511 | -50.83165
C2 | -7.77553 | 7.65709 | -50.84732
N2 | -6.77898 | 6.75818 | -50.83943
N3 | -9.0238 | 7.21479 | -50.89586
C4 | -9.90204 | 8.23602 | -50.89969
P | -13.92737 | 5.82452 | -46.81981
OP1 | -14.68243 | 4.76321 | -46.11763
OP2 | -14.0448 | 7.23511 | -46.36144
O5' | -12.38593 | 5.42849 | -46.84334
C5' | -11.49501 | 5.79534 | -45.80262
C4' | -10.0854 | 5.51025 | -46.27287
O4' | -9.78456 | 6.255 | -47.48502
C3' | -8.98359 | 5.89943 | -45.29511
O3' | -8.79189 | 4.93341 | -44.27338
C2' | -7.78565 | 6.00142 | -46.22071
O2' | -7.39458 | 4.69269 | -46.6429
C1' | -8.41103 | 6.64083 | -47.44961
N9 | -8.37391 | 8.10286 | -47.46957
C8 | -9.44898 | 8.95659 | -47.48471
N7 | -9.0982 | 10.21025 | -47.51989
C5 | -7.71005 | 10.18435 | -47.5517
C6 | -6.76184 | 11.23809 | -47.58337
O6 | -6.94853 | 12.46551 | -47.6092
N1 | -5.45806 | 10.7525 | -47.59245
C2 | -5.10538 | 9.42798 | -47.55856
N2 | -3.79508 | 9.16927 | -47.56965
N3 | -5.97341 | 8.43167 | -47.52245
C4 | -7.24561 | 8.88623 | -47.51547
