43
G_A_7-C_A_8-1l2x.pdb
P | -30.32901 | -0.05371 | 3.42507
OP1 | -29.98879 | 0.23341 | 4.84596
OP2 | -29.36642 | 0.31553 | 2.34736
O5' | -30.56147 | -1.62131 | 3.27703
C5' | -31.3641 | -2.35326 | 4.20479
C4' | -31.28084 | -3.80814 | 3.82961
O4' | -31.82023 | -4.0613 | 2.51729
C3' | -29.86001 | -4.34363 | 3.71316
O3' | -29.33327 | -4.56333 | 5.00937
C2' | -30.07488 | -5.59382 | 2.89267
O2' | -30.66437 | -6.61195 | 3.68321
C1' | -31.0959 | -5.10767 | 1.87238
N9 | -30.52013 | -4.56606 | 0.64266
C8 | -30.20136 | -3.26205 | 0.35534
N7 | -29.70011 | -3.1016 | -0.8419
C5 | -29.68099 | -4.37956 | -1.38414
C6 | -29.26061 | -4.84563 | -2.65054
O6 | -28.78011 | -4.21872 | -3.60195
N1 | -29.43049 | -6.22249 | -2.76557
C2 | -29.93554 | -7.05006 | -1.80194
N2 | -30.01545 | -8.35025 | -2.12131
N3 | -30.34798 | -6.62753 | -0.6185
C4 | -30.18769 | -5.29241 | -0.47848
P | -27.73113 | -4.49089 | 5.19415
OP1 | -27.39659 | -4.86213 | 6.59914
OP2 | -27.18038 | -3.24054 | 4.6242
O5' | -27.32275 | -5.71643 | 4.27768
C5' | -26.13337 | -5.81023 | 3.50253
C4' | -26.17941 | -7.17215 | 2.86008
O4' | -27.1977 | -7.21189 | 1.82256
C3' | -24.92562 | -7.61479 | 2.11519
O3' | -23.8968 | -7.96978 | 3.02594
C2' | -25.50815 | -8.75358 | 1.30014
O2' | -25.70152 | -9.85345 | 2.13603
C1' | -26.85387 | -8.15855 | 0.84761
N1 | -26.66883 | -7.54441 | -0.46987
C2 | -26.51051 | -8.4151 | -1.5502
O2 | -26.59608 | -9.62884 | -1.31966
N3 | -26.24465 | -7.91238 | -2.77226
C4 | -26.09787 | -6.59401 | -2.93126
N4 | -25.87813 | -6.15083 | -4.17116
C5 | -26.26512 | -5.6804 | -1.85283
C6 | -26.52254 | -6.2025 | -0.64325
