46
G_A_16-G_A_16-1l2x.pdb
P | -17.76152 | -16.91628 | 31.47906
P | -17.76152 | -16.91628 | 31.47906
OP1 | -18.80633 | -17.71177 | 32.1904
OP1 | -18.80633 | -17.71177 | 32.1904
OP2 | -17.52632 | -15.50525 | 31.87752
OP2 | -17.52632 | -15.50525 | 31.87752
O5' | -16.36593 | -17.66547 | 31.60384
O5' | -16.36593 | -17.66547 | 31.60384
C5' | -16.30071 | -19.06336 | 31.29526
C5' | -16.30071 | -19.06336 | 31.29526
C4' | -14.87802 | -19.54342 | 31.32046
C4' | -14.87802 | -19.54342 | 31.32046
O4' | -14.06969 | -18.86732 | 30.33272
O4' | -14.06969 | -18.86732 | 30.33272
C3' | -14.11741 | -19.27799 | 32.62238
C3' | -14.11741 | -19.27799 | 32.62238
O3' | -14.51802 | -20.19942 | 33.61151
O3' | -14.51802 | -20.19942 | 33.61151
C2' | -12.68831 | -19.44935 | 32.18279
C2' | -12.68831 | -19.44935 | 32.18279
O2' | -12.38286 | -20.83718 | 31.97361
O2' | -12.38286 | -20.83718 | 31.97361
C1' | -12.72767 | -18.78377 | 30.81275
C1' | -12.72767 | -18.78377 | 30.81275
N9 | -12.36697 | -17.36693 | 30.81852
N9 | -12.36697 | -17.36693 | 30.81852
C8 | -13.18825 | -16.27717 | 30.82303
C8 | -13.18825 | -16.27717 | 30.82303
N7 | -12.53924 | -15.13698 | 30.81903
N7 | -12.53924 | -15.13698 | 30.81903
C5 | -11.20253 | -15.50818 | 30.8131
C5 | -11.20253 | -15.50818 | 30.8131
C6 | -10.01623 | -14.73578 | 30.81653
C6 | -10.01623 | -14.73578 | 30.81653
O6 | -9.89871 | -13.50389 | 30.81516
O6 | -9.89871 | -13.50389 | 30.81516
N1 | -8.877 | -15.53485 | 30.81625
N1 | -8.877 | -15.53485 | 30.81625
C2 | -8.86514 | -16.9042 | 30.81681
C2 | -8.86514 | -16.9042 | 30.81681
N2 | -7.65107 | -17.48674 | 30.81507
N2 | -7.65107 | -17.48674 | 30.81507
N3 | -9.96312 | -17.62984 | 30.8149
N3 | -9.96312 | -17.62984 | 30.8149
C4 | -11.07743 | -16.88179 | 30.81062
C4 | -11.07743 | -16.88179 | 30.81062
