46
G_A_6-G_A_16-1l2x.pdb
P | 10.66226 | -31.14296 | -9.11525
OP1 | 11.32883 | -30.65866 | -7.87259
OP2 | 9.39567 | -30.49559 | -9.52735
O5' | 11.67994 | -31.02881 | -10.32986
C5' | 12.98835 | -31.60884 | -10.22487
C4' | 13.61594 | -31.68855 | -11.58656
O4' | 12.80409 | -32.48678 | -12.48416
C3' | 13.73911 | -30.36707 | -12.33452
O3' | 14.8201 | -29.57684 | -11.89403
C2' | 13.95386 | -30.83877 | -13.75729
O2' | 15.25915 | -31.38058 | -13.88322
C1' | 12.95715 | -31.97351 | -13.81135
N9 | 11.63099 | -31.57257 | -14.26464
C8 | 10.48049 | -31.42135 | -13.53997
N7 | 9.47219 | -31.04891 | -14.27594
C5 | 9.97669 | -30.96809 | -15.56228
C6 | 9.3708 | -30.62234 | -16.79571
O6 | 8.1864 | -30.31354 | -16.96629
N1 | 10.25432 | -30.67115 | -17.87191
C2 | 11.5891 | -30.99471 | -17.75552
N2 | 12.30287 | -30.98279 | -18.89344
N3 | 12.17286 | -31.3245 | -16.61785
C4 | 11.3141 | -31.28722 | -15.57543
P | 10.13983 | -33.68267 | -26.40535
OP1 | 10.75568 | -34.35578 | -27.58775
OP2 | 8.70097 | -33.9032 | -26.11182
O5' | 10.94202 | -34.09658 | -25.09781
C5' | 12.37192 | -34.00208 | -25.10403
C4' | 12.92524 | -34.28347 | -23.73663
O4' | 12.4552 | -33.32501 | -22.76372
C3' | 12.51071 | -35.62322 | -23.12243
O3' | 13.24653 | -36.67198 | -23.7111
C2' | 12.83023 | -35.40549 | -21.66797
O2' | 14.24923 | -35.43882 | -21.44786
C1' | 12.37875 | -33.96143 | -21.48797
N9 | 11.00102 | -33.81254 | -21.02185
C8 | 9.87688 | -33.55278 | -21.7505
N7 | 8.79051 | -33.47194 | -21.01937
C5 | 9.2361 | -33.6959 | -19.7248
C6 | 8.54303 | -33.7459 | -18.49148
O6 | 7.33461 | -33.58424 | -18.27946
N1 | 9.39836 | -34.01036 | -17.4262
C2 | 10.75013 | -34.20795 | -17.52076
N2 | 11.39641 | -34.44996 | -16.36444
N3 | 11.40201 | -34.16444 | -18.66325
C4 | 10.59918 | -33.90609 | -19.70727
