46
G_A_7-G_A_7-1l2x.pdb
P | -2.58773 | -19.91063 | -36.96612
P | -2.58773 | -19.91063 | -36.96612
OP1 | -3.63266 | -20.62005 | -36.17746
OP1 | -3.63266 | -20.62005 | -36.17746
OP2 | -2.11634 | -18.56638 | -36.52434
OP2 | -2.11634 | -18.56638 | -36.52434
O5' | -1.28916 | -20.8299 | -37.0102
O5' | -1.28916 | -20.8299 | -37.0102
C5' | -1.3654 | -22.22509 | -37.30744
C5' | -1.3654 | -22.22509 | -37.30744
C4' | 0.01812 | -22.7981 | -37.15951
C4' | 0.01812 | -22.7981 | -37.15951
O4' | 0.94756 | -22.21963 | -38.09692
O4' | 0.94756 | -22.21963 | -38.09692
C3' | 0.67574 | -22.50609 | -35.81737
C3' | 0.67574 | -22.50609 | -35.81737
O3' | 0.12744 | -23.36068 | -34.82998
O3' | 0.12744 | -23.36068 | -34.82998
C2' | 2.13213 | -22.75192 | -36.13496
C2' | 2.13213 | -22.75192 | -36.13496
O2' | 2.38916 | -24.14147 | -36.24502
O2' | 2.38916 | -24.14147 | -36.24502
C1' | 2.24628 | -22.11797 | -37.51513
C1' | 2.24628 | -22.11797 | -37.51513
N9 | 2.62862 | -20.707 | -37.50932
N9 | 2.62862 | -20.707 | -37.50932
C8 | 1.81081 | -19.60436 | -37.50639
C8 | 1.81081 | -19.60436 | -37.50639
N7 | 2.46547 | -18.47219 | -37.50298
N7 | 2.46547 | -18.47219 | -37.50298
C5 | 3.8029 | -18.84479 | -37.50006
C5 | 3.8029 | -18.84479 | -37.50006
C6 | 4.98399 | -18.06844 | -37.5068
C6 | 4.98399 | -18.06844 | -37.5068
O6 | 5.11994 | -16.8394 | -37.49972
O6 | 5.11994 | -16.8394 | -37.49972
N1 | 6.11949 | -18.87372 | -37.5085
N1 | 6.11949 | -18.87372 | -37.5085
C2 | 6.13155 | -20.2406 | -37.5051
C2 | 6.13155 | -20.2406 | -37.5051
N2 | 7.34044 | -20.82151 | -37.50917
N2 | 7.34044 | -20.82151 | -37.50917
N3 | 5.03582 | -20.98117 | -37.51499
N3 | 5.03582 | -20.98117 | -37.51499
C4 | 3.91702 | -20.22217 | -37.50708
C4 | 3.91702 | -20.22217 | -37.50708
