42
G_A_7-C_A_14-1l2x.pdb
P | -29.46343 | -2.14503 | 2.0074
OP1 | -29.31981 | -2.85681 | 3.30735
OP2 | -28.37893 | -1.2328 | 1.54258
O5' | -29.63104 | -3.23534 | 0.86004
C5' | -30.52738 | -4.33921 | 0.997
C4' | -30.35554 | -5.21766 | -0.21262
O4' | -30.71168 | -4.53687 | -1.43201
C3' | -28.91739 | -5.64244 | -0.47781
O3' | -28.55858 | -6.67402 | 0.42385
C2' | -28.98852 | -6.06022 | -1.9279
O2' | -29.64777 | -7.30866 | -2.0537
C1' | -29.8806 | -4.9703 | -2.50761
N9 | -29.16437 | -3.8044 | -3.02217
C8 | -28.84706 | -2.64242 | -2.36359
N7 | -28.19837 | -1.78436 | -3.10745
C5 | -28.07319 | -2.41636 | -4.33728
C6 | -27.47823 | -1.98841 | -5.54584
O6 | -26.89515 | -0.92949 | -5.80616
N1 | -27.59342 | -2.95782 | -6.53822
C2 | -28.19687 | -4.17661 | -6.40056
N2 | -28.19832 | -4.96212 | -7.48769
N3 | -28.77191 | -4.58523 | -5.28184
C4 | -28.66834 | -3.66317 | -4.29852
OP1A | -28.30601 | -0.68467 | -17.38245
OP1B | -23.02643 | -2.76495 | -17.64532
OP2A | -27.80619 | 1.25958 | -15.80637
OP2B | -25.53444 | -3.37073 | -17.9314
C4' | -26.32679 | -3.24356 | -14.75474
O4' | -25.49803 | -3.20412 | -13.56814
C3' | -27.74723 | -3.3387 | -14.22619
O3' | -28.60881 | -3.96522 | -15.15584
C2' | -27.56589 | -4.17317 | -12.97307
O2' | -27.394 | -5.53107 | -13.35466
C1' | -26.22061 | -3.71903 | -12.45767
N1 | -26.25645 | -2.64945 | -11.43916
C2 | -26.60338 | -3.03121 | -10.1409
O2 | -26.91829 | -4.21814 | -9.95847
N3 | -26.60902 | -2.09701 | -9.16388
C4 | -26.25816 | -0.84419 | -9.44752
N4 | -26.28091 | 0.05621 | -8.46461
C5 | -25.89097 | -0.43586 | -10.75599
C6 | -25.88518 | -1.36877 | -11.71358
