43
G_A_7-C_A_10-1l2x.pdb
P | -34.98965 | 3.02282 | -0.71078
OP1 | -34.73052 | 3.87896 | 0.4796
OP2 | -33.91335 | 2.82323 | -1.72375
O5' | -35.37652 | 1.56587 | -0.19995
C5' | -36.32158 | 1.36436 | 0.85217
C4' | -36.36601 | -0.11046 | 1.1476
O4' | -36.82725 | -0.87616 | 0.01703
C3' | -35.00593 | -0.73169 | 1.43625
O3' | -34.6066 | -0.39665 | 2.75313
C2' | -35.28987 | -2.19825 | 1.21048
O2' | -36.04376 | -2.72995 | 2.28658
C1' | -36.1718 | -2.14251 | -0.03004
N9 | -35.44885 | -2.22926 | -1.29767
C8 | -34.97128 | -1.20429 | -2.07612
N7 | -34.36549 | -1.61429 | -3.16023
C5 | -34.44177 | -2.99915 | -3.09764
C6 | -33.97789 | -3.99656 | -3.98517
O6 | -33.36158 | -3.87931 | -5.05076
N1 | -34.28484 | -5.27187 | -3.51909
C2 | -34.94789 | -5.56235 | -2.35956
N2 | -35.14179 | -6.86367 | -2.09909
N3 | -35.4022 | -4.64071 | -1.52688
C4 | -35.11114 | -3.39136 | -1.9538
P | -27.31686 | -0.39508 | -1.07428
OP1 | -27.7317 | 0.91424 | -1.63793
OP2 | -28.32957 | -1.47456 | -0.88021
O5' | -26.15185 | -1.06801 | -1.93871
C5' | -25.13484 | -0.29286 | -2.56334
C4' | -24.24159 | -1.1927 | -3.37484
O4' | -23.41362 | -2.02218 | -2.51942
C3' | -24.96999 | -2.20335 | -4.25312
O3' | -25.45784 | -1.60391 | -5.4388
C2' | -23.8787 | -3.22185 | -4.49525
O2' | -22.93129 | -2.70585 | -5.39002
C1' | -23.25517 | -3.31065 | -3.1116
N1 | -23.88559 | -4.29866 | -2.22373
C2 | -23.56507 | -5.65333 | -2.36413
O2 | -22.77878 | -5.98518 | -3.26177
N3 | -24.14565 | -6.56051 | -1.54883
C4 | -25.00047 | -6.18931 | -0.60148
N4 | -25.53759 | -7.13199 | 0.17393
C5 | -25.34563 | -4.81814 | -0.43711
C6 | -24.77011 | -3.92882 | -1.24809
