41
G_A_12-C_A_14-1l2x.pdb
P | -27.71059 | 0.56297 | -0.25927
OP1 | -28.13419 | 1.70022 | -1.12669
OP2 | -28.44653 | 0.31668 | 1.00994
O5' | -27.82437 | -0.7814 | -1.11228
C5' | -27.20864 | -0.81377 | -2.40826
C4' | -27.38392 | -2.18938 | -2.99228
O4' | -26.71455 | -3.15321 | -2.13941
C3' | -28.80289 | -2.73276 | -3.07504
C2' | -28.55559 | -4.22392 | -3.17647
O2' | -28.12208 | -4.59157 | -4.47535
C1' | -27.37346 | -4.41352 | -2.24528
N9 | -27.74226 | -4.82659 | -0.89225
C8 | -27.91489 | -4.0391 | 0.21114
N7 | -28.24192 | -4.72263 | 1.2762
C5 | -28.29639 | -6.04151 | 0.83609
C6 | -28.59877 | -7.24182 | 1.52486
O6 | -28.90237 | -7.40267 | 2.71319
N1 | -28.53454 | -8.33482 | 0.67172
C2 | -28.21955 | -8.30894 | -0.66018
N2 | -28.21723 | -9.49582 | -1.28913
N3 | -27.93399 | -7.20059 | -1.31741
C4 | -27.98717 | -6.11893 | -0.5065
OP1A | -34.37993 | -7.06056 | -5.48566
OP1B | -28.96003 | -8.75689 | -5.35188
OP2A | -33.95777 | -4.59779 | -4.96553
OP2B | -31.41477 | -9.56096 | -5.09365
C4' | -32.00124 | -8.09412 | -2.22319
O4' | -31.10218 | -7.49281 | -1.26062
C3' | -33.36825 | -8.02381 | -1.56561
O3' | -34.22844 | -9.04047 | -2.04059
C2' | -33.02711 | -8.21182 | -0.10007
O2' | -32.75629 | -9.58785 | 0.12852
C1' | -31.69816 | -7.50566 | 0.02975
N1 | -31.76456 | -6.10104 | 0.48285
C2 | -31.98709 | -5.89175 | 1.84602
O2 | -32.17797 | -6.89293 | 2.55487
N3 | -32.01374 | -4.62513 | 2.3175
C4 | -31.80001 | -3.60739 | 1.48586
N4 | -31.84014 | -2.36941 | 1.97896
C5 | -31.56049 | -3.79625 | 0.09999
C6 | -31.53251 | -5.05317 | -0.35466
