43
G_A_4-C_A_5-1l2x.pdb
P | -21.02715 | -1.33968 | 1.51474
OP1 | -19.63697 | -1.57826 | 1.94873
OP2 | -21.33319 | -0.8091 | 0.15911
O5' | -21.80281 | -2.74155 | 1.6521
C5' | -21.83977 | -3.37479 | 2.94266
C4' | -22.73326 | -4.58117 | 2.8955
O4' | -24.09408 | -4.15506 | 2.64022
C3' | -22.48074 | -5.59398 | 1.78253
O3' | -21.38839 | -6.43124 | 2.10453
C2' | -23.81149 | -6.3186 | 1.73547
O2' | -24.01344 | -7.08356 | 2.91721
C1' | -24.7597 | -5.13724 | 1.85782
N9 | -25.11755 | -4.52618 | 0.58216
C8 | -24.74009 | -3.3193 | 0.06272
N7 | -25.27665 | -3.09864 | -1.10689
C5 | -26.05217 | -4.21639 | -1.37871
C6 | -26.86342 | -4.55239 | -2.49325
O6 | -27.08859 | -3.91361 | -3.53767
N1 | -27.4646 | -5.79539 | -2.3314
C2 | -27.3018 | -6.61748 | -1.24411
N2 | -27.96665 | -7.78537 | -1.27246
N3 | -26.55831 | -6.31949 | -0.19137
C4 | -25.9692 | -5.11268 | -0.32964
P | -20.47604 | -7.03622 | 0.9293
OP1 | -19.26829 | -7.61252 | 1.58332
OP2 | -20.28949 | -6.05319 | -0.17455
O5' | -21.36862 | -8.21943 | 0.35605
C5' | -21.72841 | -9.29528 | 1.22812
C4' | -22.70388 | -10.18916 | 0.51633
O4' | -23.93509 | -9.49156 | 0.19936
C3' | -22.25222 | -10.70836 | -0.85382
O3' | -21.26542 | -11.71759 | -0.73403
C2' | -23.57916 | -11.19109 | -1.4089
O2' | -23.98291 | -12.35479 | -0.69273
C1' | -24.4792 | -10.03772 | -0.99438
N1 | -24.53689 | -8.9514 | -1.98413
C2 | -25.36047 | -9.11411 | -3.09838
O2 | -26.02718 | -10.15023 | -3.17699
N3 | -25.44989 | -8.12542 | -4.0131
C4 | -24.71933 | -7.02008 | -3.86661
N4 | -24.81357 | -6.06754 | -4.79046
C5 | -23.87029 | -6.85197 | -2.74555
C6 | -23.79474 | -7.81421 | -1.83576
