45
G_A_6-A_A_20-1l2x.pdb
P | 4.38064 | -27.549 | -19.53218
OP1 | 3.05118 | -27.03326 | -19.09674
OP2 | 5.58515 | -26.76189 | -19.18179
O5' | 4.58125 | -29.01795 | -18.96129
C5' | 3.57664 | -30.01751 | -19.1872
C4' | 4.13774 | -31.37575 | -18.87932
O4' | 5.29424 | -31.65723 | -19.7071
C3' | 4.68427 | -31.55956 | -17.4692
O3' | 3.67752 | -31.76838 | -16.5049
C2' | 5.54589 | -32.79397 | -17.63268
O2' | 4.71434 | -33.93338 | -17.78586
C1' | 6.19125 | -32.4896 | -18.96492
N9 | 7.45058 | -31.76327 | -18.858
C8 | 7.71487 | -30.44928 | -19.13231
N7 | 8.96222 | -30.13679 | -18.92368
C5 | 9.56243 | -31.31248 | -18.50745
C6 | 10.89703 | -31.61387 | -18.13866
O6 | 11.84768 | -30.82431 | -18.12778
N1 | 11.07755 | -32.94809 | -17.78028
C2 | 10.06311 | -33.88096 | -17.75708
N2 | 10.40813 | -35.12185 | -17.37546
N3 | 8.81446 | -33.62329 | -18.10106
C4 | 8.64098 | -32.3319 | -18.45848
P | 2.55944 | -37.16346 | -27.80917
OP1 | 3.01231 | -37.76226 | -29.09013
OP2 | 1.93266 | -38.05418 | -26.78057
O5' | 3.86254 | -36.52083 | -27.14333
C5' | 3.74218 | -35.89648 | -25.86142
C4' | 5.0365 | -35.16421 | -25.60073
O4' | 5.12899 | -34.03549 | -26.48564
C3' | 5.17707 | -34.57252 | -24.20373
O3' | 5.63385 | -35.58751 | -23.32603
C2' | 6.14811 | -33.43659 | -24.4366
O2' | 7.46485 | -33.89055 | -24.31922
C1' | 5.87978 | -33.00172 | -25.87737
N9 | 5.10494 | -31.7613 | -26.00375
C8 | 3.78646 | -31.51588 | -25.72263
N7 | 3.40793 | -30.27409 | -25.92792
C5 | 4.57165 | -29.64932 | -26.36783
C6 | 4.86674 | -28.32167 | -26.72239
N6 | 3.97295 | -27.33688 | -26.74689
N1 | 6.13248 | -28.03162 | -27.09746
C2 | 7.02011 | -29.02633 | -27.0873
N3 | 6.89011 | -30.30241 | -26.76971
C4 | 5.62082 | -30.54895 | -26.39352
