43
G_A_16-C_A_17-1l2x.pdb
P | -27.02376 | -0.76507 | -1.72591
OP1 | -28.4342 | -0.64381 | -2.20171
OP2 | -26.62948 | -0.11659 | -0.44954
O5' | -26.65345 | -2.30423 | -1.59043
C5' | -26.94528 | -3.18511 | -2.68242
C4' | -26.37975 | -4.55193 | -2.42337
O4' | -24.94136 | -4.51848 | -2.29666
C3' | -26.82173 | -5.20893 | -1.11303
O3' | -28.13653 | -5.70189 | -1.2401
C2' | -25.78677 | -6.28891 | -0.94737
O2' | -26.01719 | -7.36148 | -1.87452
C1' | -24.53185 | -5.55665 | -1.4062
N9 | -23.77685 | -4.91808 | -0.32926
C8 | -23.7946 | -3.61266 | 0.06779
N7 | -22.98526 | -3.3629 | 1.06972
C5 | -22.40033 | -4.59002 | 1.34658
C6 | -21.44996 | -4.97543 | 2.32238
O6 | -20.8956 | -4.27359 | 3.17764
N1 | -21.14671 | -6.33125 | 2.24401
C2 | -21.68461 | -7.21681 | 1.34862
N2 | -21.25351 | -8.48918 | 1.44107
N3 | -22.56943 | -6.86723 | 0.43922
C4 | -22.876 | -5.56162 | 0.49089
P | -29.02869 | -5.9972 | 0.06397
OP1 | -30.39205 | -6.40571 | -0.39014
OP2 | -28.86804 | -4.92846 | 1.0687
O5' | -28.26482 | -7.28403 | 0.62198
C5' | -28.18496 | -7.59203 | 2.00274
C4' | -26.98302 | -8.47873 | 2.2269
O4' | -25.75901 | -7.74671 | 1.96811
C3' | -26.82086 | -8.99021 | 3.65246
O3' | -27.62277 | -10.14195 | 3.8724
C2' | -25.33933 | -9.26476 | 3.73777
O2' | -25.02011 | -10.47893 | 3.10904
C1' | -24.75444 | -8.14569 | 2.88949
N1 | -24.34518 | -6.95825 | 3.66302
C2 | -23.22382 | -7.10695 | 4.49071
O2 | -22.67165 | -8.21074 | 4.54972
N3 | -22.8043 | -6.04149 | 5.19923
C4 | -23.41681 | -4.86763 | 5.09432
N4 | -22.92715 | -3.86501 | 5.82919
C5 | -24.53782 | -4.68299 | 4.24106
C6 | -24.95944 | -5.74645 | 3.5508
