43
G_A_7-C_A_15-1l2x.pdb
P | -26.4944 | -3.05676 | 2.57782
OP1 | -26.23543 | -4.14249 | 3.56334
OP2 | -25.46882 | -1.99527 | 2.36382
O5' | -26.72706 | -3.72518 | 1.15219
C5' | -27.58639 | -4.85361 | 0.98212
C4' | -27.49004 | -5.28627 | -0.45589
O4' | -27.95393 | -4.26544 | -1.3614
C3' | -26.06801 | -5.53728 | -0.9395
O3' | -25.61858 | -6.78718 | -0.44792
C2' | -26.24228 | -5.46783 | -2.43856
O2' | -26.88255 | -6.63747 | -2.91922
C1' | -27.19957 | -4.29074 | -2.57209
N9 | -26.55034 | -2.99004 | -2.72615
C8 | -26.20781 | -2.08944 | -1.74828
N7 | -25.63709 | -1.0089 | -2.21421
C5 | -25.59405 | -1.20415 | -3.5881
C6 | -25.10371 | -0.38283 | -4.62864
O6 | -24.56521 | 0.7287 | -4.56878
N1 | -25.2747 | -0.98455 | -5.87224
C2 | -25.83958 | -2.20859 | -6.09843
N2 | -25.90846 | -2.60074 | -7.37919
N3 | -26.31745 | -2.98177 | -5.13768
C4 | -26.15773 | -2.42242 | -3.91724
P | -28.52353 | 0.9367 | -14.02752
OP1 | -29.19937 | 0.53283 | -15.29196
OP2 | -28.8169 | 2.23895 | -13.36508
O5' | -28.8761 | -0.19376 | -12.94538
C5' | -28.79563 | -1.58498 | -13.28683
C4' | -29.20587 | -2.41702 | -12.0977
O4' | -28.2347 | -2.3359 | -11.03069
C3' | -30.49707 | -1.96875 | -11.42317
O3' | -31.64654 | -2.39762 | -12.12075
C2' | -30.3677 | -2.63443 | -10.06914
O2' | -30.44824 | -4.04432 | -10.21239
C1' | -28.91696 | -2.33872 | -9.7627
N1 | -28.61743 | -1.05808 | -9.09267
C2 | -28.66812 | -1.0508 | -7.69238
O2 | -29.04059 | -2.07486 | -7.10405
N3 | -28.34636 | 0.07033 | -7.01481
C4 | -27.93335 | 1.15096 | -7.68256
N4 | -27.64976 | 2.24925 | -6.98076
C5 | -27.8807 | 1.19121 | -9.10453
C6 | -28.19605 | 0.06301 | -9.74922
