43
G_A_16-C_A_15-1l2x.pdb
P | -25.26939 | 3.78925 | -3.65761
OP1 | -26.30163 | 4.43071 | -4.51882
OP2 | -25.31178 | 3.8989 | -2.17204
O5' | -25.32204 | 2.21912 | -3.98201
C5' | -25.39078 | 1.75318 | -5.33727
C4' | -25.45729 | 0.24649 | -5.34605
O4' | -24.21184 | -0.3439 | -4.91181
C3' | -26.47608 | -0.35054 | -4.38234
O3' | -27.79359 | -0.28872 | -4.88452
C2' | -25.9733 | -1.77442 | -4.2682
O2' | -26.13772 | -2.4474 | -5.50709
C1' | -24.48816 | -1.5243 | -4.13489
N1 | -23.96296 | -1.29545 | -2.77456
C2 | -23.59685 | -2.43084 | -2.03951
O2 | -23.81118 | -3.54981 | -2.52482
N3 | -23.05331 | -2.29001 | -0.81301
C4 | -22.82196 | -1.06682 | -0.32873
N4 | -22.30841 | -0.9668 | 0.89823
C5 | -23.19108 | 0.11242 | -1.03551
C6 | -23.719 | -0.05727 | -2.25223
P | -29.01999 | -0.22916 | -3.82274
OP1 | -30.27573 | -0.17514 | -4.62934
OP2 | -28.77061 | 0.8145 | -2.79624
O5' | -28.94261 | -1.63067 | -3.07824
C5' | -29.16608 | -2.82843 | -3.83255
C4' | -28.89433 | -4.04121 | -2.98966
O4' | -27.52021 | -4.08578 | -2.54702
C3' | -29.67766 | -4.1183 | -1.67648
O3' | -31.0084 | -4.50857 | -1.93082
C2' | -28.88629 | -5.14148 | -0.9072
O2' | -29.11315 | -6.45958 | -1.43087
C1' | -27.46363 | -4.74499 | -1.28185
N9 | -26.8292 | -3.81613 | -0.34788
C8 | -26.70424 | -2.46073 | -0.44473
N7 | -26.06769 | -1.92354 | 0.56893
C5 | -25.7573 | -3.00234 | 1.38407
C6 | -25.08479 | -3.07328 | 2.6277
O6 | -24.59241 | -2.15203 | 3.29119
N1 | -25.00167 | -4.38005 | 3.09864
C2 | -25.50109 | -5.48735 | 2.46638
N2 | -25.31246 | -6.66394 | 3.09357
N3 | -26.12857 | -5.43018 | 1.31091
C4 | -26.21823 | -4.17948 | 0.83239
