44
G_A_12-G_A_12-1l2x.pdb
P | 5.8782 | 11.09635 | 43.65389
P | 5.8782 | 11.09635 | 43.65389
OP1 | 4.84622 | 10.31073 | 44.39078
OP1 | 4.84622 | 10.31073 | 44.39078
OP2 | 6.12433 | 12.50826 | 44.05277
OP2 | 6.12433 | 12.50826 | 44.05277
O5' | 7.27581 | 10.33891 | 43.79839
O5' | 7.27581 | 10.33891 | 43.79839
C5' | 7.3206 | 8.93812 | 43.48933
C5' | 7.3206 | 8.93812 | 43.48933
C4' | 8.73957 | 8.45752 | 43.62942
C4' | 8.73957 | 8.45752 | 43.62942
O4' | 9.57432 | 9.16663 | 42.67822
O4' | 9.57432 | 9.16663 | 42.67822
C3' | 9.43391 | 8.72129 | 44.95754
C3' | 9.43391 | 8.72129 | 44.95754
C2' | 10.89395 | 8.6171 | 44.56711
C2' | 10.89395 | 8.6171 | 44.56711
O2' | 11.29097 | 7.26682 | 44.3959
O2' | 11.29097 | 7.26682 | 44.3959
C1' | 10.90129 | 9.25814 | 43.19251
C1' | 10.90129 | 9.25814 | 43.19251
N9 | 11.26911 | 10.67306 | 43.19794
N9 | 11.26911 | 10.67306 | 43.19794
C8 | 10.43951 | 11.7589 | 43.20949
C8 | 10.43951 | 11.7589 | 43.20949
N7 | 11.08865 | 12.89342 | 43.20749
N7 | 11.08865 | 12.89342 | 43.20749
C5 | 12.42992 | 12.52313 | 43.20504
C5 | 12.42992 | 12.52313 | 43.20504
C6 | 13.61197 | 13.30372 | 43.20326
C6 | 13.61197 | 13.30372 | 43.20326
O6 | 13.73243 | 14.53482 | 43.21192
O6 | 13.73243 | 14.53482 | 43.21192
N1 | 14.74126 | 12.49667 | 43.20488
N1 | 14.74126 | 12.49667 | 43.20488
C2 | 14.76218 | 11.12795 | 43.20165
C2 | 14.76218 | 11.12795 | 43.20165
N2 | 15.97774 | 10.5564 | 43.20197
N2 | 15.97774 | 10.5564 | 43.20197
N3 | 13.67129 | 10.38505 | 43.20189
N3 | 13.67129 | 10.38505 | 43.20189
C4 | 12.55462 | 11.14889 | 43.19774
C4 | 12.55462 | 11.14889 | 43.19774
