46
G_A_4-G_A_16-1l2x.pdb
P | 9.68846 | 28.26464 | 9.48938
OP1 | 9.87464 | 27.13504 | 8.55813
OP2 | 8.72683 | 28.18246 | 10.62137
O5' | 11.13043 | 28.58351 | 10.12561
C5' | 12.20959 | 28.91241 | 9.23391
C4' | 13.41912 | 29.32347 | 10.02384
O4' | 13.12648 | 30.54963 | 10.73759
C3' | 13.87868 | 28.38527 | 11.13597
O3' | 14.61025 | 27.29854 | 10.60518
C2' | 14.71127 | 29.32299 | 11.98783
O2' | 15.89224 | 29.71718 | 11.30054
C1' | 13.81622 | 30.55121 | 11.98021
N9 | 12.81935 | 30.5683 | 13.04544
C8 | 11.46506 | 30.3986 | 12.96834
N7 | 10.8905 | 30.49711 | 14.13656
C5 | 11.91596 | 30.74651 | 15.03707
C6 | 11.90944 | 30.94258 | 16.44232
O6 | 10.95729 | 30.9379 | 17.24417
N1 | 13.19105 | 31.16423 | 16.93324
C2 | 14.33576 | 31.18561 | 16.1758
N2 | 15.4848 | 31.41416 | 16.8348
N3 | 14.36283 | 31.01472 | 14.86435
C4 | 13.12502 | 30.80181 | 14.36934
P | 10.53854 | 30.59928 | 28.95302
OP1 | 10.75003 | 31.41704 | 30.18467
OP2 | 9.5686 | 31.06503 | 27.9296
O5' | 11.9309 | 30.41069 | 28.21122
C5' | 13.06729 | 29.98059 | 28.97095
C4' | 14.23559 | 29.71185 | 28.06652
O4' | 13.94849 | 28.65534 | 27.12445
C3' | 14.64594 | 30.87476 | 27.1592
O3' | 15.35575 | 31.83959 | 27.90294
C2' | 15.48503 | 30.17475 | 26.12438
O2' | 16.7595 | 29.80012 | 26.67071
C1' | 14.68473 | 28.89367 | 25.92464
N9 | 13.71181 | 28.95249 | 24.83488
C8 | 12.37032 | 29.1937 | 24.90054
N7 | 11.7796 | 29.16862 | 23.72935
C5 | 12.80646 | 28.89371 | 22.83794
C6 | 12.81044 | 28.74962 | 21.4297
O6 | 11.85758 | 28.82947 | 20.64418
N1 | 14.08453 | 28.47998 | 20.93948
C2 | 15.22049 | 28.36487 | 21.69554
N2 | 16.35615 | 28.09841 | 21.02279
N3 | 15.22589 | 28.49858 | 23.00482
C4 | 14.00656 | 28.75507 | 23.50354
