46
G_A_7-G_A_6-1l2x.pdb
P | 2.7412 | -17.70402 | -36.02435
OP1 | 1.48016 | -17.98328 | -35.27946
OP2 | 3.49568 | -16.4753 | -35.68642
O5' | 3.72825 | -18.93762 | -35.85723
C5' | 3.27277 | -20.26503 | -36.15709
C4' | 4.45066 | -21.18913 | -36.27133
O4' | 5.35858 | -20.74357 | -37.31014
C3' | 5.35423 | -21.2606 | -35.04685
O3' | 4.83283 | -22.06943 | -34.01681
C2' | 6.61362 | -21.86627 | -35.62991
O2' | 6.38802 | -23.23675 | -35.91993
C1' | 6.69085 | -21.1072 | -36.93445
N9 | 7.45894 | -19.87095 | -36.85291
C8 | 7.01367 | -18.57738 | -36.84401
N7 | 7.9866 | -17.71503 | -36.76155
C5 | 9.14136 | -18.47761 | -36.73447
C6 | 10.51005 | -18.11869 | -36.65789
O6 | 10.96185 | -16.96959 | -36.60589
N1 | 11.36501 | -19.21879 | -36.65941
C2 | 10.933 | -20.52698 | -36.703
N2 | 11.89132 | -21.46814 | -36.68534
N3 | 9.66386 | -20.88373 | -36.77941
C4 | 8.83477 | -19.81694 | -36.78825
P | 5.34648 | -21.88852 | -32.51019
OP1 | 4.59065 | -22.84482 | -31.655
OP2 | 5.38507 | -20.44333 | -32.14371
O5' | 6.86547 | -22.36117 | -32.56096
C5' | 7.22114 | -23.72477 | -32.79503
C4' | 8.71701 | -23.8324 | -32.67201
O4' | 9.40083 | -23.04393 | -33.66596
C3' | 9.27849 | -23.28169 | -31.36797
O3' | 9.04377 | -24.2116 | -30.32582
C2' | 10.73222 | -23.0803 | -31.72641
O2' | 11.40663 | -24.32557 | -31.78571
C1' | 10.61506 | -22.51478 | -33.13576
N9 | 10.53932 | -21.05648 | -33.20426
C8 | 9.4192 | -20.26293 | -33.21959
N7 | 9.68892 | -18.98506 | -33.28821
C5 | 11.07566 | -18.92424 | -33.31695
C6 | 11.95607 | -17.82159 | -33.39917
O6 | 11.70288 | -16.61229 | -33.4498
N1 | 13.28552 | -18.23433 | -33.40672
C2 | 13.72245 | -19.5281 | -33.34499
N2 | 15.05174 | -19.70522 | -33.36717
N3 | 12.91165 | -20.57119 | -33.28394
C4 | 11.61261 | -20.19688 | -33.2688
