45
G_A_28-G_A_12-1l2x.pdb
P | 12.09373 | -49.71175 | -7.40489
OP1 | 11.12345 | -50.53508 | -6.62651
OP2 | 13.53011 | -50.09896 | -7.39768
O5' | 11.63508 | -49.71693 | -8.93378
C5' | 10.26912 | -49.39185 | -9.23081
C4' | 10.08587 | -49.39322 | -10.7243
O4' | 10.93936 | -48.37439 | -11.30565
C3' | 10.49722 | -50.65251 | -11.47301
C2' | 10.68572 | -50.12542 | -12.88072
O2' | 9.4416 | -49.9049 | -13.52394
C1' | 11.30156 | -48.76233 | -12.62929
N9 | 12.76157 | -48.74642 | -12.70311
C8 | 13.65792 | -48.84623 | -11.67645
N7 | 14.89994 | -48.79382 | -12.08037
C5 | 14.80766 | -48.66164 | -13.46244
C6 | 15.81049 | -48.55596 | -14.4573
O6 | 17.04061 | -48.56482 | -14.32733
N1 | 15.24775 | -48.44368 | -15.72117
C2 | 13.91139 | -48.4256 | -16.01723
N2 | 13.59668 | -48.30613 | -17.3176
N3 | 12.96384 | -48.52154 | -15.10351
C4 | 13.48678 | -48.6297 | -13.86043
P | 11.04644 | -40.89612 | -20.86828
OP1 | 9.95501 | -40.22379 | -21.60741
OP2 | 12.40917 | -40.29896 | -20.8673
O5' | 10.58865 | -41.11058 | -19.35901
C5' | 10.81326 | -40.13463 | -18.35478
C4' | 10.51514 | -40.76808 | -17.01341
O4' | 11.36124 | -41.92962 | -16.79108
C3' | 10.75905 | -39.87353 | -15.80438
O3' | 9.69039 | -38.97053 | -15.56688
C2' | 10.89945 | -40.90084 | -14.69662
O2' | 9.62268 | -41.48006 | -14.41679
C1' | 11.6823 | -41.99607 | -15.40212
N9 | 13.13631 | -41.88342 | -15.2905
C8 | 14.0329 | -41.71133 | -16.31586
N7 | 15.26772 | -41.66455 | -15.90483
C5 | 15.18535 | -41.8374 | -14.52933
C6 | 16.19536 | -41.86555 | -13.53456
O6 | 17.42631 | -41.75816 | -13.65827
N1 | 15.65734 | -42.05024 | -12.26485
C2 | 14.32191 | -42.1753 | -11.98046
N2 | 14.00939 | -42.34151 | -10.69258
N3 | 13.36513 | -42.14543 | -12.8921
C4 | 13.87114 | -41.96886 | -14.13223
