43
G_A_4-C_A_17-1l2x.pdb
P | -17.60345 | -2.34099 | 0.40664
OP1 | -16.25461 | -2.90298 | 0.61319
OP2 | -17.79763 | -1.01587 | -0.24084
O5' | -18.42274 | -3.41187 | -0.46956
C5' | -18.56853 | -4.74542 | 0.04843
C4' | -19.48703 | -5.54017 | -0.83511
O4' | -20.8146 | -4.96284 | -0.78228
C3' | -19.18135 | -5.55109 | -2.33
O3' | -18.13682 | -6.45756 | -2.62185
C2' | -20.52347 | -5.96221 | -2.90262
O2' | -20.82934 | -7.30805 | -2.55967
C1' | -21.44735 | -5.11221 | -2.04608
N9 | -21.69686 | -3.77837 | -2.58214
C8 | -21.2522 | -2.56623 | -2.13288
N7 | -21.69754 | -1.57885 | -2.8618
C5 | -22.48001 | -2.16488 | -3.84618
C6 | -23.21751 | -1.60534 | -4.92146
O6 | -23.35062 | -0.41604 | -5.26413
N1 | -23.86049 | -2.58773 | -5.66587
C2 | -23.79736 | -3.93649 | -5.41809
N2 | -24.48825 | -4.73107 | -6.25363
N3 | -23.12397 | -4.47771 | -4.41636
C4 | -22.49564 | -3.53701 | -3.67958
P | -30.44272 | -0.5767 | -14.12421
OP1 | -31.71498 | -0.80263 | -14.87398
OP2 | -30.39715 | 0.3894 | -13.00973
O5' | -29.92616 | -1.97596 | -13.55323
C5' | -30.15814 | -2.39489 | -12.21965
C4' | -29.1108 | -3.41847 | -11.85016
O4' | -27.79986 | -2.80274 | -11.7924
C3' | -29.28973 | -4.05127 | -10.47623
O3' | -30.2184 | -5.1249 | -10.52934
C2' | -27.88725 | -4.48699 | -10.12868
O2' | -27.55486 | -5.67676 | -10.79606
C1' | -27.04445 | -3.37491 | -10.73446
N1 | -26.69869 | -2.29989 | -9.78544
C2 | -25.78811 | -2.62917 | -8.77202
O2 | -25.35961 | -3.78655 | -8.71196
N3 | -25.42985 | -1.67122 | -7.89613
C4 | -25.90159 | -0.43449 | -8.00609
N4 | -25.48591 | 0.45172 | -7.09676
C5 | -26.80341 | -0.06766 | -9.04096
C6 | -27.16729 | -1.0248 | -9.89925
