43
G_A_6-C_A_15-1l2x.pdb
P | -24.53786 | -2.65284 | 1.81399
OP1 | -24.00674 | -3.39902 | 2.99051
OP2 | -23.71068 | -1.56446 | 1.24447
O5' | -24.85348 | -3.68124 | 0.6449
C5' | -25.67681 | -4.82801 | 0.9027
C4' | -26.11919 | -5.43443 | -0.39768
O4' | -26.86248 | -4.47411 | -1.18968
C3' | -25.00142 | -5.85338 | -1.34424
O3' | -24.40127 | -7.07843 | -0.98914
C2' | -25.74165 | -5.97104 | -2.65995
O2' | -26.56653 | -7.12525 | -2.63611
C1' | -26.6261 | -4.74858 | -2.57427
N9 | -26.02993 | -3.54798 | -3.14702
C8 | -25.51308 | -2.45305 | -2.5101
N7 | -25.06085 | -1.55862 | -3.34227
C5 | -25.30952 | -2.07983 | -4.60014
C6 | -25.05406 | -1.57631 | -5.89983
O6 | -24.52946 | -0.49108 | -6.17246
N1 | -25.47396 | -2.43662 | -6.91212
C2 | -26.05446 | -3.66572 | -6.68361
N2 | -26.38963 | -4.37446 | -7.7744
N3 | -26.30594 | -4.15204 | -5.48191
C4 | -25.90819 | -3.31362 | -4.4999
P | -25.58531 | 1.66216 | -15.87013
OP1 | -26.24057 | 1.64322 | -17.20764
OP2 | -25.98759 | 2.63522 | -14.8156
O5' | -25.81469 | 0.20765 | -15.23365
C5' | -25.61109 | -0.97579 | -16.01886
C4' | -25.92384 | -2.19144 | -15.18281
O4' | -24.94776 | -2.38198 | -14.13437
C3' | -27.24028 | -2.11575 | -14.41835
O3' | -28.35588 | -2.39132 | -15.2377
C2' | -27.02862 | -3.18054 | -13.36256
O2' | -26.98049 | -4.46261 | -13.96983
C1' | -25.60688 | -2.87134 | -12.95142
N1 | -25.41676 | -1.86623 | -11.88732
C2 | -25.44597 | -2.33189 | -10.56605
O2 | -25.71275 | -3.52345 | -10.35973
N3 | -25.21884 | -1.47687 | -9.54777
C4 | -24.91818 | -0.20195 | -9.80938
N4 | -24.72654 | 0.62001 | -8.77651
C5 | -24.89176 | 0.31571 | -11.13516
C6 | -25.11134 | -0.55634 | -12.12472
