46
G_A_2-G_A_18-1l2x.pdb
P | -18.35932 | 18.44534 | 19.94074
OP1 | -18.91007 | 17.84695 | 18.70057
OP2 | -18.93643 | 18.01582 | 21.25269
O5' | -16.78402 | 18.12358 | 20.01843
C5' | -15.94905 | 18.4988 | 18.92592
C4' | -14.59907 | 18.93231 | 19.42896
O4' | -14.62347 | 20.26905 | 19.99005
C3' | -14.05461 | 18.05965 | 20.56299
O3' | -13.51398 | 16.85623 | 20.05145
C2' | -13.02589 | 18.96757 | 21.18059
O2' | -11.86233 | 19.0767 | 20.38076
C1' | -13.79565 | 20.27681 | 21.15357
N9 | -14.67705 | 20.45954 | 22.30518
C8 | -16.03427 | 20.63317 | 22.27908
N7 | -16.54301 | 20.78843 | 23.46623
C5 | -15.46055 | 20.73009 | 24.32918
C6 | -15.41448 | 20.83575 | 25.74058
O6 | -16.34678 | 21.00929 | 26.52737
N1 | -14.11752 | 20.71965 | 26.22138
C2 | -13.02052 | 20.52121 | 25.42022
N2 | -11.85429 | 20.43975 | 26.05906
N3 | -13.05106 | 20.42766 | 24.10496
C4 | -14.30188 | 20.53264 | 23.62125
P | -17.70545 | 17.42936 | 38.64555
OP1 | -17.48026 | 17.89871 | 40.04219
OP2 | -18.36175 | 18.3179 | 37.65658
O5' | -16.30142 | 17.04926 | 38.00738
C5' | -15.37038 | 16.1666 | 38.62034
C4' | -14.03031 | 16.28639 | 37.95177
O4' | -14.15854 | 15.91149 | 36.55642
C3' | -13.43464 | 17.6833 | 37.90109
O3' | -12.03051 | 17.64538 | 37.88861
C2' | -13.89903 | 18.21962 | 36.5711
O2' | -13.13453 | 19.3112 | 36.1104
C1' | -13.74629 | 16.95659 | 35.71498
N9 | -14.59288 | 17.0576 | 34.5392
C8 | -15.96952 | 17.15102 | 34.56692
N7 | -16.48498 | 17.23779 | 33.36825
C5 | -15.39538 | 17.21675 | 32.51378
C6 | -15.33786 | 17.28438 | 31.10103
O6 | -16.27754 | 17.38281 | 30.30619
N1 | -14.03198 | 17.2258 | 30.62755
C2 | -12.91787 | 17.10251 | 31.41405
N2 | -11.74014 | 17.05832 | 30.76993
N3 | -12.95574 | 17.03259 | 32.73489
C4 | -14.2182 | 17.10469 | 33.22067
