46
G_A_18-G_A_18-1l2x.pdb
P | -34.78691 | -1.24273 | 21.20223
P | -34.78691 | -1.24273 | 21.20223
OP1 | -35.7914 | -2.19385 | 21.75719
OP1 | -35.7914 | -2.19385 | 21.75719
OP2 | -34.3599 | -0.06331 | 21.99274
OP2 | -34.3599 | -0.06331 | 21.99274
O5' | -33.45329 | -2.0447 | 20.88387
O5' | -33.45329 | -2.0447 | 20.88387
C5' | -33.41463 | -3.22902 | 20.09803
C5' | -33.41463 | -3.22902 | 20.09803
C4' | -32.09167 | -3.9194 | 20.27194
C4' | -32.09167 | -3.9194 | 20.27194
O4' | -31.03158 | -3.03975 | 19.8176
O4' | -31.03158 | -3.03975 | 19.8176
C3' | -31.69955 | -4.25571 | 21.7009
C3' | -31.69955 | -4.25571 | 21.7009
O3' | -30.87401 | -5.39089 | 21.75588
O3' | -30.87401 | -5.39089 | 21.75588
C2' | -30.88471 | -3.06437 | 22.13554
C2' | -30.88471 | -3.06437 | 22.13554
O2' | -30.06182 | -3.32618 | 23.25026
O2' | -30.06182 | -3.32618 | 23.25026
C1' | -30.10351 | -2.79942 | 20.84286
C1' | -30.10351 | -2.79942 | 20.84286
N9 | -29.63771 | -1.42388 | 20.82631
N9 | -29.63771 | -1.42388 | 20.82631
C8 | -30.45949 | -0.31513 | 20.82924
C8 | -30.45949 | -0.31513 | 20.82924
N7 | -29.7828 | 0.8038 | 20.81934
N7 | -29.7828 | 0.8038 | 20.81934
C5 | -28.45446 | 0.41231 | 20.82664
C5 | -28.45446 | 0.41231 | 20.82664
C6 | -27.27077 | 1.18861 | 20.82472
C6 | -27.27077 | 1.18861 | 20.82472
O6 | -27.16915 | 2.41909 | 20.81912
O6 | -27.16915 | 2.41909 | 20.81912
N1 | -26.1271 | 0.39808 | 20.82872
N1 | -26.1271 | 0.39808 | 20.82872
C2 | -26.12071 | -0.97119 | 20.82072
C2 | -26.12071 | -0.97119 | 20.82072
N2 | -24.91251 | -1.55783 | 20.82171
N2 | -24.91251 | -1.55783 | 20.82171
N3 | -27.21817 | -1.71046 | 20.8169
N3 | -27.21817 | -1.71046 | 20.8169
C4 | -28.34659 | -0.96114 | 20.8299
C4 | -28.34659 | -0.96114 | 20.8299
