43
G_A_7-C_A_11-1l2x.pdb
P | -33.89464 | 1.89958 | -0.57472
OP1 | -33.78633 | 2.61843 | 0.72476
OP2 | -32.74009 | 1.90515 | -1.51883
O5' | -34.19557 | 0.3665 | -0.27066
C5' | -35.18973 | -0.03137 | 0.67488
C4' | -35.13421 | -1.53073 | 0.78977
O4' | -35.45487 | -2.18209 | -0.45527
C3' | -33.75072 | -2.08288 | 1.10624
O3' | -33.46924 | -1.88526 | 2.48014
C2' | -33.89903 | -3.52693 | 0.68778
O2' | -34.67793 | -4.24073 | 1.63268
C1' | -34.69724 | -3.38215 | -0.60129
N9 | -33.88612 | -3.25897 | -1.81124
C8 | -33.44199 | -2.11377 | -2.42434
N7 | -32.7335 | -2.34167 | -3.49974
C5 | -32.7013 | -3.7255 | -3.60717
C6 | -32.09952 | -4.56933 | -4.56819
O6 | -31.42456 | -4.27694 | -5.56217
N1 | -32.3327 | -5.91132 | -4.28087
C2 | -33.04642 | -6.39014 | -3.21792
N2 | -33.15125 | -7.72427 | -3.12858
N3 | -33.62885 | -5.61383 | -2.31943
C4 | -33.41201 | -4.30352 | -2.57227
P | -24.98685 | -1.92288 | -5.91845
OP1 | -25.37199 | -0.87256 | -6.89987
OP2 | -26.03198 | -2.47712 | -5.01183
O5' | -24.42347 | -3.18784 | -6.70605
C5' | -23.36506 | -3.04302 | -7.65538
C4' | -22.97992 | -4.40982 | -8.1539
O4' | -22.42538 | -5.20284 | -7.07212
C3' | -24.11686 | -5.2799 | -8.67896
O3' | -24.48387 | -4.89631 | -9.98724
C2' | -23.51167 | -6.66239 | -8.61962
O2' | -22.50166 | -6.77716 | -9.62106
C1' | -22.79639 | -6.56422 | -7.2803
N1 | -23.63202 | -6.98707 | -6.14056
C2 | -23.81306 | -8.36899 | -6.00318
O2 | -23.2932 | -9.1137 | -6.85807
N3 | -24.52257 | -8.80642 | -4.94698
C4 | -25.05945 | -7.94091 | -4.08163
N4 | -25.77894 | -8.43385 | -3.07338
C5 | -24.87918 | -6.53066 | -4.20097
C6 | -24.16924 | -6.11043 | -5.25308
