43
G_A_16-C_A_5-1l2x.pdb
P | -16.78758 | -3.11112 | 11.25337
OP1 | -15.51283 | -3.77963 | 11.63628
OP2 | -16.75422 | -2.0637 | 10.19438
O5' | -17.83116 | -4.21497 | 10.78673
C5' | -18.08187 | -5.33204 | 11.64506
C4' | -19.21684 | -6.13465 | 11.0751
O4' | -20.44663 | -5.36721 | 11.03432
C3' | -19.05127 | -6.57745 | 9.61654
O3' | -18.11393 | -7.6321 | 9.49083
C2' | -20.48093 | -6.96648 | 9.28998
O2' | -20.80793 | -8.15869 | 9.99834
C1' | -21.22782 | -5.80808 | 9.93217
N1 | -21.40792 | -4.65545 | 9.0366
C2 | -22.42868 | -4.70804 | 8.08709
O2 | -23.15234 | -5.7082 | 8.07235
N3 | -22.63138 | -3.65654 | 7.2652
C4 | -21.82897 | -2.59461 | 7.33876
N4 | -22.03997 | -1.57833 | 6.50667
C5 | -20.78168 | -2.53816 | 8.29055
C6 | -20.59211 | -3.56238 | 9.11174
P | -30.83307 | -1.56775 | -0.94156
OP1 | -32.25378 | -1.77049 | -1.35497
OP2 | -30.45064 | -0.31173 | -0.24783
O5' | -30.39335 | -2.76541 | 0.00541
C5' | -30.66069 | -4.11052 | -0.41026
C4' | -30.0319 | -5.09062 | 0.53797
O4' | -28.59482 | -4.95056 | 0.57405
C3' | -30.42671 | -4.9289 | 2.00833
O3' | -31.72006 | -5.44864 | 2.22047
C2' | -29.34292 | -5.70754 | 2.70408
O2' | -29.53823 | -7.11976 | 2.52923
C1' | -28.12788 | -5.31309 | 1.87364
N9 | -27.38736 | -4.16469 | 2.39363
C8 | -27.45738 | -2.8579 | 2.00696
N7 | -26.64643 | -2.07342 | 2.67645
C5 | -26.00418 | -2.92666 | 3.56196
C6 | -25.02464 | -2.682 | 4.55421
O6 | -24.49033 | -1.60898 | 4.86161
N1 | -24.66289 | -3.84669 | 5.22427
C2 | -25.17318 | -5.09453 | 4.98393
N2 | -24.68509 | -6.0917 | 5.746
N3 | -26.08476 | -5.33053 | 4.06445
C4 | -26.44797 | -4.22252 | 3.39988
