43
G_A_6-C_A_17-1l2x.pdb
P | -20.33491 | -3.9853 | 2.18153
OP1 | -19.60773 | -5.20462 | 2.63707
OP2 | -19.57662 | -2.71773 | 2.07466
O5' | -20.99656 | -4.27255 | 0.76602
C5' | -21.82833 | -5.42795 | 0.58546
C4' | -22.60886 | -5.29368 | -0.69015
O4' | -23.43481 | -4.10235 | -0.668
C3' | -21.77977 | -5.10121 | -1.95366
O3' | -21.21572 | -6.29918 | -2.43714
C2' | -22.81258 | -4.55763 | -2.9184
O2' | -23.70084 | -5.59805 | -3.29486
C1' | -23.54993 | -3.60554 | -2.00525
N9 | -23.00711 | -2.25268 | -2.00136
C8 | -22.26867 | -1.62194 | -1.03775
N7 | -21.95067 | -0.40321 | -1.37034
C5 | -22.5266 | -0.20815 | -2.61371
C6 | -22.53991 | 0.90936 | -3.48492
O6 | -22.00614 | 2.00428 | -3.27636
N1 | -23.25245 | 0.67868 | -4.65976
C2 | -23.86242 | -0.51902 | -4.96527
N2 | -24.49869 | -0.5752 | -6.147
N3 | -23.86663 | -1.57079 | -4.16678
C4 | -23.18437 | -1.34423 | -3.02278
P | -32.79001 | 1.80208 | -6.53748
OP1 | -34.11343 | 1.43512 | -7.12547
OP2 | -32.53226 | 3.18416 | -6.08921
O5' | -32.49517 | 0.84333 | -5.29464
C5' | -32.73714 | 1.22805 | -3.95255
C4' | -31.8645 | 0.38928 | -3.04915
O4' | -30.46656 | 0.71449 | -3.25175
C3' | -32.08893 | 0.60731 | -1.55844
O3' | -33.18837 | -0.16252 | -1.0931
C2' | -30.76748 | 0.18913 | -0.96138
O2' | -30.67189 | -1.20998 | -0.8923
C1' | -29.77457 | 0.66156 | -2.01254
N1 | -29.20992 | 1.998 | -1.74617
C2 | -28.32572 | 2.09894 | -0.6633
O2 | -28.09848 | 1.09053 | 0.01362
N3 | -27.77188 | 3.2972 | -0.39755
C4 | -28.03031 | 4.35317 | -1.16061
N4 | -27.43072 | 5.49927 | -0.82595
C5 | -28.90043 | 4.27097 | -2.28085
C6 | -29.4589 | 3.08352 | -2.53233
