42
G_A_12-C_A_11-1l2x.pdb
P | -30.51702 | 4.42059 | -1.73579
OP1 | -30.97895 | 4.98154 | -3.03449
OP2 | -31.48122 | 4.34587 | -0.60168
O5' | -30.03999 | 2.91724 | -1.95987
C5' | -29.07053 | 2.60202 | -2.96149
C4' | -28.74584 | 1.13548 | -2.86754
O4' | -28.10354 | 0.84193 | -1.59949
C3' | -29.93431 | 0.18025 | -2.88767
O3' | -30.41447 | -0.00116 | -4.20296
C2' | -29.3401 | -1.07777 | -2.30001
O2' | -28.42616 | -1.648 | -3.23582
C1' | -28.50549 | -0.46272 | -1.18637
N1 | -29.23862 | -0.33068 | 0.08687
C2 | -29.4203 | -1.51851 | 0.80618
O2 | -28.98749 | -2.57592 | 0.30593
N3 | -30.03555 | -1.44055 | 2.0002
C4 | -30.48314 | -0.26838 | 2.46044
N4 | -31.11324 | -0.26035 | 3.63523
C5 | -30.30033 | 0.95274 | 1.74559
C6 | -29.68444 | 0.86087 | 0.56247
P | -31.99144 | -0.26434 | -4.39184
OP1 | -32.25332 | -0.37477 | -5.85622
OP2 | -32.79674 | 0.69573 | -3.59002
O5' | -32.22254 | -1.70126 | -3.73629
C5' | -31.56667 | -2.82981 | -4.3329
C4' | -31.8723 | -4.05473 | -3.51421
O4' | -31.34649 | -3.87069 | -2.17478
C3' | -33.33891 | -4.37513 | -3.26525
C2' | -33.25562 | -5.26685 | -2.04341
O2' | -32.81793 | -6.57229 | -2.3817
C1' | -32.13727 | -4.61651 | -1.25167
N9 | -32.59966 | -3.68559 | -0.22361
C8 | -32.72427 | -2.32759 | -0.31164
N7 | -33.16461 | -1.78579 | 0.79337
C5 | -33.34928 | -2.86233 | 1.65538
C6 | -33.80876 | -2.91567 | 2.99427
O6 | -34.17219 | -1.99043 | 3.73049
N1 | -33.83509 | -4.22311 | 3.45963
C2 | -33.47005 | -5.34214 | 2.7608
N2 | -33.57663 | -6.50893 | 3.4177
N3 | -33.03868 | -5.31098 | 1.51385
C4 | -33.00109 | -4.04558 | 1.03664
