43
G_A_4-C_A_3-1l2x.pdb
P | -21.16195 | 3.1252 | 3.0864
OP1 | -19.70567 | 3.04027 | 2.76878
OP2 | -22.07714 | 3.63806 | 2.02648
O5' | -21.65331 | 1.65712 | 3.45995
C5' | -20.98152 | 0.9257 | 4.48358
C4' | -21.66215 | -0.41135 | 4.62983
O4' | -23.03304 | -0.27184 | 5.09731
C3' | -21.82359 | -1.20528 | 3.33855
O3' | -20.6207 | -1.85419 | 2.94836
C2' | -22.90689 | -2.19068 | 3.71427
O2' | -22.377 | -3.20653 | 4.51563
C1' | -23.83254 | -1.30166 | 4.52568
N1 | -24.88158 | -0.6625 | 3.71341
C2 | -25.95129 | -1.46548 | 3.29862
O2 | -25.96009 | -2.65732 | 3.64603
N3 | -26.94343 | -0.9107 | 2.56622
C4 | -26.88884 | 0.36699 | 2.20706
N4 | -27.88095 | 0.8657 | 1.46646
C5 | -25.79891 | 1.20771 | 2.58837
C6 | -24.84225 | 0.65149 | 3.34424
P | -20.3284 | -2.01769 | 1.3604
OP1 | -19.00209 | -2.64162 | 1.18873
OP2 | -20.69297 | -0.76725 | 0.64179
O5' | -21.41878 | -3.12576 | 0.94931
C5' | -21.41799 | -4.37668 | 1.6586
C4' | -22.59739 | -5.2053 | 1.23634
O4' | -23.81718 | -4.53728 | 1.64184
C3' | -22.80554 | -5.41152 | -0.26113
O3' | -21.94028 | -6.41445 | -0.75445
C2' | -24.27154 | -5.79503 | -0.3052
O2' | -24.4801 | -7.06777 | 0.29405
C1' | -24.83704 | -4.79021 | 0.68488
N9 | -25.21659 | -3.51437 | 0.08745
C8 | -24.6176 | -2.2909 | 0.20225
N7 | -25.25456 | -1.36764 | -0.46592
C5 | -26.3339 | -2.01043 | -1.05461
C6 | -27.3721 | -1.53182 | -1.89502
O6 | -27.58135 | -0.38447 | -2.33018
N1 | -28.25025 | -2.54873 | -2.25194
C2 | -28.14251 | -3.86045 | -1.86164
N2 | -29.09135 | -4.69868 | -2.31317
N3 | -27.18871 | -4.32516 | -1.07162
C4 | -26.32795 | -3.34947 | -0.71152
