46
G_A_27-G_A_27-1l2x.pdb
P | -17.1949 | 5.90858 | -46.71149
P | -17.1949 | 5.90858 | -46.71149
OP1 | -18.28719 | 5.08387 | -46.12298
OP1 | -18.28719 | 5.08387 | -46.12298
OP2 | -16.92899 | 7.24965 | -46.13979
OP2 | -16.92899 | 7.24965 | -46.13979
O5' | -15.84311 | 5.06252 | -46.62625
O5' | -15.84311 | 5.06252 | -46.62625
C5' | -15.86936 | 3.71384 | -47.10746
C5' | -15.86936 | 3.71384 | -47.10746
C4' | -14.48408 | 3.14411 | -47.06268
C4' | -14.48408 | 3.14411 | -47.06268
O4' | -13.62615 | 3.84572 | -48.00029
O4' | -13.62615 | 3.84572 | -48.00029
C3' | -13.75192 | 3.28807 | -45.73608
C3' | -13.75192 | 3.28807 | -45.73608
O3' | -14.16388 | 2.28474 | -44.8199
O3' | -14.16388 | 2.28474 | -44.8199
C2' | -12.30081 | 3.15817 | -46.14511
C2' | -12.30081 | 3.15817 | -46.14511
O2' | -11.99629 | 1.78897 | -46.45648
O2' | -11.99629 | 1.78897 | -46.45648
C1' | -12.28594 | 3.86319 | -47.48518
C1' | -12.28594 | 3.86319 | -47.48518
N9 | -11.90065 | 5.27121 | -47.47491
N9 | -11.90065 | 5.27121 | -47.47491
C8 | -12.71721 | 6.36959 | -47.47636
C8 | -12.71721 | 6.36959 | -47.47636
N7 | -12.06217 | 7.50109 | -47.46422
N7 | -12.06217 | 7.50109 | -47.46422
C5 | -10.72758 | 7.12163 | -47.46739
C5 | -10.72758 | 7.12163 | -47.46739
C6 | -9.54934 | 7.90924 | -47.47148
C6 | -9.54934 | 7.90924 | -47.47148
O6 | -9.43445 | 9.14868 | -47.46515
O6 | -9.43445 | 9.14868 | -47.46515
N1 | -8.41754 | 7.10055 | -47.4781
N1 | -8.41754 | 7.10055 | -47.4781
C2 | -8.40931 | 5.72963 | -47.46486
C2 | -8.40931 | 5.72963 | -47.46486
N2 | -7.21705 | 5.1134 | -47.46891
N2 | -7.21705 | 5.1134 | -47.46891
N3 | -9.50488 | 4.98412 | -47.4746
N3 | -9.50488 | 4.98412 | -47.4746
C4 | -10.61374 | 5.74874 | -47.47139
C4 | -10.61374 | 5.74874 | -47.47139
