43
G_A_16-A_A_21-1l2x.pdb
P | 10.16823 | 25.87608 | 21.30833
OP1 | 10.71633 | 26.35608 | 22.61202
OP2 | 9.13629 | 26.68564 | 20.61204
O5' | 11.36623 | 25.6822 | 20.28281
C5' | 12.5224 | 24.9456 | 20.70026
C4' | 13.46223 | 24.74074 | 19.54705
O4' | 12.84784 | 23.97408 | 18.48833
C3' | 13.90909 | 26.01655 | 18.82829
O3' | 14.88576 | 26.685 | 19.59455
C2' | 14.43413 | 25.46829 | 17.52879
O2' | 15.69865 | 24.81598 | 17.72524
C1' | 13.40553 | 24.38223 | 17.23901
N9 | 12.29045 | 24.81473 | 16.3981
C8 | 11.03916 | 25.20723 | 16.77537
N7 | 10.26763 | 25.5276 | 15.76374
C5 | 11.07117 | 25.33224 | 14.64984
C6 | 10.81795 | 25.51446 | 13.26904
O6 | 9.77617 | 25.89512 | 12.72026
N1 | 11.92881 | 25.20031 | 12.49209
C2 | 13.13758 | 24.76851 | 12.96924
N2 | 14.08436 | 24.51717 | 12.04524
N3 | 13.3818 | 24.59766 | 14.25115
C4 | 12.32332 | 24.89004 | 15.02276
P | 17.94971 | 23.71068 | 11.57789
OP1 | 18.06998 | 22.94675 | 10.31303
OP2 | 16.73903 | 23.51388 | 12.42671
O5' | 19.18855 | 23.29041 | 12.50356
C5' | 20.51887 | 23.20306 | 12.00419
C4' | 21.48041 | 23.15981 | 13.1616
O4' | 21.33995 | 24.3631 | 13.97363
C2' | 22.05071 | 22.55669 | 15.35925
O2' | 23.45311 | 22.52093 | 15.17978
C1' | 21.65227 | 24.03054 | 15.32872
N9 | 20.48566 | 24.34526 | 16.15429
C8 | 19.17743 | 24.56646 | 15.81581
N7 | 18.40192 | 24.8308 | 16.84092
C5 | 19.26793 | 24.81532 | 17.92666
C6 | 19.07789 | 25.02911 | 19.2994
N6 | 17.89728 | 25.32713 | 19.83847
N1 | 20.15453 | 24.9381 | 20.11001
C2 | 21.34104 | 24.63593 | 19.56555
N3 | 21.65131 | 24.40533 | 18.292
C4 | 20.55311 | 24.52375 | 17.52005
