42
G_A_27-C_A_14-1l2x.pdb
OP1A | -36.91742 | -6.91676 | 5.08172
OP1B | -32.16078 | -3.81121 | 5.10492
OP2A | -35.8412 | -9.1466 | 4.46239
OP2B | -34.74078 | -3.69133 | 4.84378
C4' | -34.89818 | -5.12937 | 1.90399
O4' | -33.86666 | -5.41996 | 0.93036
C3' | -36.19275 | -5.53727 | 1.22297
O3' | -37.29802 | -4.81451 | 1.72804
C2' | -35.91081 | -5.19707 | -0.22765
O2' | -36.02281 | -3.79018 | -0.39245
C1' | -34.4397 | -5.51007 | -0.3673
N1 | -34.12104 | -6.85791 | -0.88155
C2 | -34.27414 | -7.05712 | -2.25576
O2 | -34.7273 | -6.11378 | -2.92361
N3 | -33.95462 | -8.26066 | -2.78181
C4 | -33.47536 | -9.21935 | -1.99166
N4 | -33.17651 | -10.398 | -2.53828
C5 | -33.30044 | -9.03621 | -0.5954
C6 | -33.616 | -7.84087 | -0.08656
P | -30.68064 | 4.99583 | 0.16538
OP1 | -30.48385 | 6.25854 | 0.93118
OP2 | -30.17961 | 4.92294 | -1.22734
O5' | -30.00168 | 3.8109 | 0.99326
C5' | -30.32655 | 3.69766 | 2.38352
C4' | -29.69784 | 2.45661 | 2.94038
O4' | -30.29382 | 1.28046 | 2.33303
C3' | -28.21147 | 2.28527 | 2.6611
O3' | -27.43485 | 3.05227 | 3.56903
C2' | -28.01533 | 0.79384 | 2.82565
O2' | -28.05487 | 0.44132 | 4.21797
C1' | -29.30602 | 0.24096 | 2.25864
N9 | -29.28062 | -0.15996 | 0.85518
C8 | -29.7001 | 0.55443 | -0.23427
N7 | -29.54297 | -0.08498 | -1.36385
C5 | -28.99572 | -1.30434 | -0.99128
C6 | -28.61943 | -2.4207 | -1.77916
O6 | -28.68601 | -2.56772 | -3.01342
N1 | -28.11312 | -3.43922 | -0.97838
C2 | -27.96874 | -3.39368 | 0.38425
N2 | -27.45488 | -4.47374 | 0.99304
N3 | -28.32982 | -2.36039 | 1.1313
C4 | -28.82628 | -1.3628 | 0.37462
