43
G_A_28-C_A_11-1l2x.pdb
P | -34.23046 | -0.3897 | -14.12602
OP1 | -34.39728 | -0.93697 | -15.49983
OP2 | -35.35065 | 0.38451 | -13.52002
O5' | -33.97849 | -1.59423 | -13.11437
C5' | -32.93665 | -2.54237 | -13.35536
C4' | -32.87418 | -3.49065 | -12.18838
O4' | -32.4831 | -2.78187 | -10.98366
C3' | -34.18695 | -4.15757 | -11.79191
O3' | -34.49077 | -5.22996 | -12.65858
C2' | -33.90036 | -4.60684 | -10.37873
O2' | -32.96418 | -5.68336 | -10.40807
C1' | -33.14998 | -3.38272 | -9.87524
N1 | -34.03145 | -2.3666 | -9.26977
C2 | -34.50956 | -2.66697 | -7.98816
O2 | -34.18684 | -3.7624 | -7.48658
N3 | -35.27321 | -1.74628 | -7.37215
C4 | -35.58564 | -0.6003 | -7.98477
N4 | -36.37239 | 0.25825 | -7.33582
C5 | -35.10162 | -0.27371 | -9.28655
C6 | -34.34123 | -1.19615 | -9.88525
P | -34.36952 | -4.55831 | 3.06101
OP1 | -33.81404 | -5.4305 | 4.11945
OP2 | -34.26754 | -3.08039 | 3.19879
O5' | -33.73555 | -4.9795 | 1.66311
C5' | -32.52699 | -4.41577 | 1.18041
C4' | -32.36883 | -4.82154 | -0.26864
O4' | -33.49703 | -4.35887 | -1.06084
C3' | -31.14231 | -4.25347 | -0.9718
O3' | -29.95929 | -4.98232 | -0.68354
C2' | -31.55057 | -4.37444 | -2.42813
O2' | -31.5363 | -5.75036 | -2.8162
C1' | -33.02212 | -4.00061 | -2.35807
N9 | -33.30556 | -2.57759 | -2.54243
C8 | -33.88664 | -1.7265 | -1.63533
N7 | -34.02612 | -0.51622 | -2.09545
C5 | -33.52801 | -0.57474 | -3.39049
C6 | -33.40146 | 0.42965 | -4.38329
O6 | -33.72957 | 1.62652 | -4.33955
N1 | -32.82665 | -0.07139 | -5.54703
C2 | -32.41028 | -1.36455 | -5.73214
N2 | -31.87819 | -1.64455 | -6.92479
N3 | -32.51363 | -2.31342 | -4.8176
C4 | -33.07253 | -1.84374 | -3.68086
