45
G_A_16-A_A_20-1l2x.pdb
P | -27.36111 | -28.11809 | 17.31891
OP1 | -28.55249 | -28.89907 | 17.76734
OP2 | -26.15694 | -28.06796 | 18.18641
O5' | -26.88436 | -28.66642 | 15.90592
C5' | -27.85561 | -28.83734 | 14.86619
C4' | -27.18592 | -29.20923 | 13.57454
O4' | -26.2823 | -28.17573 | 13.12568
C3' | -26.28602 | -30.44647 | 13.63283
O3' | -27.07364 | -31.61586 | 13.64066
C2' | -25.46079 | -30.28426 | 12.38478
O2' | -26.2423 | -30.57769 | 11.21591
C1' | -25.21365 | -28.78083 | 12.3975
N9 | -23.97135 | -28.37805 | 13.0548
C8 | -23.7888 | -27.91898 | 14.32682
N7 | -22.53788 | -27.63553 | 14.60277
C5 | -21.8571 | -27.93145 | 13.43077
C6 | -20.48358 | -27.84667 | 13.09885
O6 | -19.54229 | -27.46383 | 13.80509
N1 | -20.23922 | -28.25911 | 11.79251
C2 | -21.18543 | -28.70313 | 10.90775
N2 | -20.73767 | -29.05451 | 9.68735
N3 | -22.46401 | -28.78625 | 11.20849
C4 | -22.72703 | -28.38939 | 12.46331
P | -20.45776 | -37.39095 | 4.75066
OP1 | -20.50744 | -38.69672 | 5.45565
OP2 | -21.63593 | -36.97416 | 3.92457
O5' | -20.26862 | -36.28677 | 5.89056
C5' | -20.22574 | -34.90779 | 5.51086
C4' | -19.78626 | -34.1261 | 6.72547
O4' | -18.40494 | -34.41323 | 6.99958
C3' | -19.84396 | -32.61077 | 6.57747
O3' | -21.16812 | -32.18007 | 6.84261
C2' | -18.80521 | -32.15459 | 7.57766
O2' | -19.38186 | -32.0 | 8.84149
C1' | -17.78879 | -33.29594 | 7.61144
N9 | -16.54468 | -33.02394 | 6.88125
C8 | -16.32231 | -32.9144 | 5.53358
N7 | -15.07935 | -32.63842 | 5.20746
C5 | -14.43431 | -32.54734 | 6.4378
C6 | -13.11141 | -32.24253 | 6.80175
N6 | -12.13047 | -32.01092 | 5.93377
N1 | -12.80536 | -32.21742 | 8.11803
C2 | -13.78877 | -32.46709 | 8.9829
N3 | -15.06429 | -32.75221 | 8.78821
C4 | -15.33111 | -32.75848 | 7.46831
