46
G_A_2-G_A_2-1l2x.pdb
P | 12.67468 | 33.15757 | -10.38361
P | 12.67468 | 33.15757 | -10.38361
OP1 | 11.34579 | 32.80985 | -9.82452
OP1 | 11.34579 | 32.80985 | -9.82452
OP2 | 13.41618 | 34.31135 | -9.78552
OP2 | 13.41618 | 34.31135 | -9.78552
O5' | 13.64672 | 31.88187 | -10.24633
O5' | 13.64672 | 31.88187 | -10.24633
C5' | 13.23333 | 30.63698 | -10.8039
C5' | 13.23333 | 30.63698 | -10.8039
C4' | 14.42062 | 29.8942 | -11.35349
C4' | 14.42062 | 29.8942 | -11.35349
O4' | 14.86049 | 30.42525 | -12.62895
O4' | 14.86049 | 30.42525 | -12.62895
C3' | 15.6643 | 29.97605 | -10.46436
C3' | 15.6643 | 29.97605 | -10.46436
O3' | 15.56181 | 29.07485 | -9.37831
O3' | 15.56181 | 29.07485 | -9.37831
C2' | 16.75851 | 29.6263 | -11.43616
C2' | 16.75851 | 29.6263 | -11.43616
O2' | 16.77456 | 28.24459 | -11.74617
O2' | 16.77456 | 28.24459 | -11.74617
C1' | 16.2884 | 30.42068 | -12.64253
C1' | 16.2884 | 30.42068 | -12.64253
N9 | 16.7214 | 31.81665 | -12.62696
N9 | 16.7214 | 31.81665 | -12.62696
C8 | 15.91766 | 32.92423 | -12.63946
C8 | 15.91766 | 32.92423 | -12.63946
N7 | 16.59448 | 34.03516 | -12.63819
N7 | 16.59448 | 34.03516 | -12.63819
C5 | 17.9236 | 33.64372 | -12.64056
C5 | 17.9236 | 33.64372 | -12.64056
C6 | 19.10348 | 34.4268 | -12.63834
C6 | 19.10348 | 34.4268 | -12.63834
O6 | 19.20898 | 35.65449 | -12.63663
O6 | 19.20898 | 35.65449 | -12.63663
N1 | 20.24399 | 33.63561 | -12.63944
N1 | 20.24399 | 33.63561 | -12.63944
C2 | 20.2217 | 32.26296 | -12.63724
C2 | 20.2217 | 32.26296 | -12.63724
N2 | 21.41597 | 31.67262 | -12.6445
N2 | 21.41597 | 31.67262 | -12.6445
N3 | 19.12931 | 31.52391 | -12.64564
N3 | 19.12931 | 31.52391 | -12.64564
C4 | 18.01304 | 32.27453 | -12.63925
C4 | 18.01304 | 32.27453 | -12.63925
