43
G_A_18-C_A_3-1l2x.pdb
P | -16.40334 | 3.10883 | 5.40606
OP1 | -15.01169 | 3.13658 | 4.86624
OP2 | -17.43369 | 3.93924 | 4.71845
O5' | -16.90479 | 1.59832 | 5.35005
C5' | -16.13038 | 0.57281 | 5.96869
C4' | -16.8449 | -0.73972 | 5.77104
O4' | -18.12849 | -0.76495 | 6.45594
C3' | -17.22289 | -1.06565 | 4.33067
O3' | -16.11818 | -1.54734 | 3.57711
C2' | -18.28709 | -2.12245 | 4.52134
O2' | -17.69744 | -3.34391 | 4.86086
C1' | -19.04727 | -1.55172 | 5.70537
N1 | -20.16934 | -0.68372 | 5.30996
C2 | -21.32278 | -1.30845 | 4.81967
O2 | -21.33787 | -2.54827 | 4.7577
N3 | -22.38125 | -0.54626 | 4.46297
C4 | -22.31856 | 0.77863 | 4.53512
N4 | -23.38076 | 1.49057 | 4.15253
C5 | -21.14808 | 1.45005 | 5.00343
C6 | -20.12146 | 0.6787 | 5.38682
P | -32.59765 | -2.96601 | -0.63093
OP1 | -33.74261 | -3.91751 | -0.70369
OP2 | -32.57062 | -1.90937 | 0.40882
O5' | -31.26086 | -3.79853 | -0.42368
C5' | -30.8733 | -4.88611 | -1.25352
C4' | -29.76608 | -5.66335 | -0.60001
O4' | -28.61618 | -4.79723 | -0.42232
C3' | -30.0528 | -6.181 | 0.79948
O3' | -29.33677 | -7.35866 | 1.07082
C2' | -29.51986 | -5.09335 | 1.6968
O2' | -29.28095 | -5.52501 | 3.01773
C1' | -28.24406 | -4.72636 | 0.92924
N9 | -27.82225 | -3.38551 | 1.29469
C8 | -28.56073 | -2.24088 | 1.07308
N7 | -27.95275 | -1.16692 | 1.5055
C5 | -26.76682 | -1.62899 | 2.05126
C6 | -25.70819 | -0.92365 | 2.67219
O6 | -25.61688 | 0.29204 | 2.86764
N1 | -24.68534 | -1.77106 | 3.08279
C2 | -24.67372 | -3.12882 | 2.90561
N2 | -23.59212 | -3.77717 | 3.36789
N3 | -25.65269 | -3.80151 | 2.32249
C4 | -26.66942 | -2.99774 | 1.92852
