46
G_A_4-G_A_6-1l2x.pdb
P | 18.01127 | -7.33606 | -29.32135
OP1 | 16.91093 | -7.59903 | -28.37376
OP2 | 19.03096 | -6.28755 | -29.04975
O5' | 18.80595 | -8.72185 | -29.50524
C5' | 18.07525 | -9.86767 | -29.97544
C4' | 19.01879 | -11.00926 | -30.22529
O4' | 19.91467 | -10.6572 | -31.30788
C3' | 19.97825 | -11.38144 | -29.09871
O3' | 19.32133 | -12.15606 | -28.11569
C2' | 21.04683 | -12.14086 | -29.86003
O2' | 20.53631 | -13.3717 | -30.35688
C1' | 21.18807 | -11.24577 | -31.08009
N9 | 22.15723 | -10.16717 | -30.91846
C8 | 21.94448 | -8.82381 | -30.7807
N7 | 23.0625 | -8.15775 | -30.676
C5 | 24.07111 | -9.1075 | -30.74919
C6 | 25.48382 | -8.98851 | -30.69174
O6 | 26.1943 | -7.97554 | -30.55511
N1 | 26.10596 | -10.22631 | -30.8077
C2 | 25.4572 | -11.42765 | -30.95064
N2 | 26.23497 | -12.51989 | -31.04494
N3 | 24.14261 | -11.55959 | -31.01591
C4 | 23.52146 | -10.36575 | -30.90878
P | 23.08471 | -15.0458 | -23.18581
OP1 | 22.35641 | -16.03078 | -22.33584
OP2 | 22.71751 | -13.61577 | -23.07019
O5' | 24.64351 | -15.16796 | -22.90437
C5' | 25.28789 | -16.44761 | -22.98605
C4' | 26.77679 | -16.26066 | -23.03768
O4' | 27.15732 | -15.45415 | -24.18079
C3' | 27.3862 | -15.49383 | -21.87084
O3' | 27.53527 | -16.27624 | -20.70781
C2' | 28.73363 | -15.09591 | -22.43562
O2' | 29.56892 | -16.24012 | -22.51503
C1' | 28.32573 | -14.70269 | -23.83668
N9 | 27.97811 | -13.29394 | -23.97629
C8 | 26.7451 | -12.71994 | -24.12423
N7 | 26.80692 | -11.4224 | -24.22211
C5 | 28.15615 | -11.12089 | -24.15559
C6 | 28.85364 | -9.88867 | -24.21141
O6 | 28.34854 | -8.76923 | -24.34923
N1 | 30.23512 | -10.03682 | -24.10772
C2 | 30.86681 | -11.25041 | -23.94024
N2 | 32.2063 | -11.21295 | -23.84618
N3 | 30.23742 | -12.41025 | -23.89044
C4 | 28.89838 | -12.26804 | -24.00118
