46
G_A_2-G_A_4-1l2x.pdb
P | 22.13452 | 22.24171 | -19.21123
OP1 | 20.86954 | 22.66636 | -18.56396
OP2 | 23.41851 | 22.8226 | -18.70854
O5' | 22.28059 | 20.64489 | -19.06995
C5' | 21.22703 | 19.81142 | -19.54627
C4' | 21.79031 | 18.54272 | -20.12638
O4' | 22.35368 | 18.74354 | -21.44721
C3' | 22.94468 | 17.9522 | -19.3123
O3' | 22.45393 | 17.25635 | -18.1822
C2' | 23.60964 | 17.06137 | -20.32632
O2' | 22.86217 | 15.88417 | -20.57329
C1' | 23.55256 | 17.9733 | -21.53978
N9 | 24.66475 | 18.91896 | -21.61204
C8 | 24.57939 | 20.28471 | -21.63052
N7 | 25.74343 | 20.85889 | -21.71756
C5 | 26.65305 | 19.81534 | -21.77578
C6 | 28.06541 | 19.84295 | -21.87482
O6 | 28.81087 | 20.82224 | -21.93505
N1 | 28.60254 | 18.56333 | -21.90305
C2 | 27.84991 | 17.4171 | -21.83691
N2 | 28.53927 | 16.27805 | -21.88345
N3 | 26.53431 | 17.37964 | -21.75091
C4 | 25.99628 | 18.61208 | -21.71689
P | 26.77558 | 13.96846 | -14.08388
OP1 | 26.37048 | 12.89176 | -13.15951
OP2 | 26.33914 | 15.37456 | -13.871
O5' | 28.3834 | 13.97853 | -14.10776
C5' | 29.06536 | 12.77414 | -14.49799
C4' | 30.54103 | 13.03298 | -14.6043
O4' | 30.78234 | 13.97371 | -15.67917
C3' | 31.22073 | 13.69927 | -13.41169
O3' | 31.47237 | 12.75819 | -12.38751
C2' | 32.47748 | 14.24869 | -14.05738
O2' | 33.3435 | 13.19408 | -14.4577
C1' | 31.89273 | 14.79689 | -15.34859
N9 | 31.41646 | 16.17245 | -15.24988
C8 | 30.13479 | 16.648 | -15.24536
N7 | 30.09444 | 17.95013 | -15.15934
C5 | 31.41815 | 18.36186 | -15.1051
C6 | 32.00069 | 19.65169 | -15.00403
O6 | 31.45717 | 20.7694 | -14.93418
N1 | 33.38909 | 19.58487 | -14.98072
C2 | 34.12664 | 18.42841 | -15.03703
N2 | 35.46293 | 18.56886 | -14.99958
N3 | 33.60411 | 17.21762 | -15.14086
C4 | 32.25516 | 17.26363 | -15.16885
