43
G_A_6-C_A_5-1l2x.pdb
P | -23.15308 | 4.64889 | 3.02627
OP1 | -22.09133 | 4.58188 | 4.06873
OP2 | -22.74706 | 4.64808 | 1.59282
O5' | -24.1553 | 3.43248 | 3.22922
C5' | -24.72751 | 3.22034 | 4.52343
C4' | -25.76057 | 2.13408 | 4.42325
O4' | -26.85444 | 2.51554 | 3.55095
C3' | -25.28191 | 0.8167 | 3.80174
O3' | -24.45765 | 0.08491 | 4.69155
C2' | -26.61664 | 0.16129 | 3.50034
O2' | -27.23253 | -0.21711 | 4.72818
C1' | -27.37615 | 1.3487 | 2.92993
N1 | -27.20561 | 1.51393 | 1.4785
C2 | -27.95584 | 0.70233 | 0.62717
O2 | -28.75252 | -0.09003 | 1.13874
N3 | -27.83599 | 0.84555 | -0.70974
C4 | -26.97183 | 1.73107 | -1.20575
N4 | -26.86108 | 1.84143 | -2.52684
C5 | -26.19623 | 2.54982 | -0.34901
C6 | -26.3257 | 2.42394 | 0.96503
P | -23.28346 | -0.83365 | 4.08808
OP1 | -22.46046 | -1.2515 | 5.25903
OP2 | -22.60541 | -0.14224 | 2.96765
O5' | -24.02425 | -2.10644 | 3.49208
C5' | -24.80149 | -2.95126 | 4.35324
C4' | -25.67431 | -3.84968 | 3.52531
O4' | -26.56121 | -3.07383 | 2.68067
C3' | -24.94616 | -4.73392 | 2.5209
O3' | -24.35157 | -5.86947 | 3.10743
C2' | -26.07142 | -5.12927 | 1.58797
O2' | -26.92478 | -6.05452 | 2.24289
C1' | -26.79547 | -3.80759 | 1.47443
N9 | -26.32913 | -2.9722 | 0.37463
C8 | -25.56194 | -1.84022 | 0.41601
N7 | -25.33533 | -1.3471 | -0.76826
C5 | -26.00548 | -2.18644 | -1.64127
C6 | -26.14043 | -2.17102 | -3.05178
O6 | -25.65476 | -1.33616 | -3.82274
N1 | -26.91845 | -3.21939 | -3.5384
C2 | -27.48103 | -4.19261 | -2.74076
N2 | -28.19317 | -5.13912 | -3.37435
N3 | -27.37216 | -4.22356 | -1.42508
C4 | -26.62621 | -3.2013 | -0.95175
