46
G_A_28-G_A_28-1l2x.pdb
P | -13.37376 | 10.1087 | -50.25487
P | -13.37376 | 10.1087 | -50.25487
OP1 | -14.38762 | 9.25906 | -49.59172
OP1 | -14.38762 | 9.25906 | -49.59172
OP2 | -13.13949 | 11.49278 | -49.76184
OP2 | -13.13949 | 11.49278 | -49.76184
O5' | -11.98283 | 9.33499 | -50.26583
O5' | -11.98283 | 9.33499 | -50.26583
C5' | -11.05 | 9.44139 | -49.20286
C5' | -11.05 | 9.44139 | -49.20286
C4' | -9.74912 | 8.81795 | -49.65941
C4' | -9.74912 | 8.81795 | -49.65941
O4' | -9.2441 | 9.48765 | -50.84725
O4' | -9.2441 | 9.48765 | -50.84725
C3' | -8.60534 | 8.89376 | -48.65567
C3' | -8.60534 | 8.89376 | -48.65567
O3' | -8.68609 | 7.88914 | -47.65663
O3' | -8.68609 | 7.88914 | -47.65663
C2' | -7.40157 | 8.70809 | -49.56047
C2' | -7.40157 | 8.70809 | -49.56047
O2' | -7.34614 | 7.35228 | -50.01064
O2' | -7.34614 | 7.35228 | -50.01064
C1' | -7.81869 | 9.51137 | -50.78149
C1' | -7.81869 | 9.51137 | -50.78149
N9 | -7.41191 | 10.91618 | -50.76296
N9 | -7.41191 | 10.91618 | -50.76296
C8 | -8.235 | 12.01495 | -50.77186
C8 | -8.235 | 12.01495 | -50.77186
N7 | -7.57735 | 13.13897 | -50.76929
N7 | -7.57735 | 13.13897 | -50.76929
C5 | -6.24071 | 12.76226 | -50.7812
C5 | -6.24071 | 12.76226 | -50.7812
C6 | -5.05599 | 13.54125 | -50.77147
C6 | -5.05599 | 13.54125 | -50.77147
O6 | -4.925 | 14.77613 | -50.76821
O6 | -4.925 | 14.77613 | -50.76821
N1 | -3.91791 | 12.74095 | -50.77383
N1 | -3.91791 | 12.74095 | -50.77383
C2 | -3.91315 | 11.36988 | -50.76911
C2 | -3.91315 | 11.36988 | -50.76911
N2 | -2.71123 | 10.78736 | -50.7675
N2 | -2.71123 | 10.78736 | -50.7675
N3 | -5.00587 | 10.62599 | -50.77173
N3 | -5.00587 | 10.62599 | -50.77173
C4 | -6.12122 | 11.38831 | -50.77179
C4 | -6.12122 | 11.38831 | -50.77179
