43
G_A_18-C_A_5-1l2x.pdb
P | -16.93409 | -3.65717 | 0.13179
OP1 | -15.77786 | -4.59469 | 0.07973
OP2 | -16.71571 | -2.23282 | -0.24658
O5' | -18.09546 | -4.2154 | -0.7982
C5' | -18.52985 | -5.56717 | -0.62089
C4' | -19.73694 | -5.80426 | -1.4834
O4' | -20.84991 | -4.96278 | -1.08816
C3' | -19.57046 | -5.46165 | -2.96858
O3' | -18.77848 | -6.42259 | -3.64388
C2' | -21.02421 | -5.43058 | -3.40168
O2' | -21.53784 | -6.75954 | -3.38916
C1' | -21.63566 | -4.67016 | -2.23547
N1 | -21.62145 | -3.21024 | -2.41288
C2 | -22.59883 | -2.63235 | -3.2235
O2 | -23.44874 | -3.37604 | -3.72231
N3 | -22.62368 | -1.29279 | -3.38831
C4 | -21.69002 | -0.53729 | -2.80998
N4 | -21.72738 | 0.77866 | -3.00124
C5 | -20.68596 | -1.11667 | -1.99629
C6 | -20.67042 | -2.43091 | -1.81776
P | -31.76139 | -3.42447 | -1.53234
OP1 | -32.83388 | -4.45946 | -1.5458
OP2 | -32.00468 | -2.1062 | -0.89889
O5' | -30.49067 | -4.02284 | -0.79054
C5' | -29.89297 | -5.26721 | -1.13102
C4' | -28.95135 | -5.70081 | -0.04361
O4' | -27.8966 | -4.71472 | 0.09482
C3' | -29.54564 | -5.79781 | 1.35144
O3' | -28.88482 | -6.76415 | 2.12778
C2' | -29.26464 | -4.44425 | 1.95233
O2' | -29.33179 | -4.43265 | 3.36074
C1' | -27.85371 | -4.20434 | 1.40168
N9 | -27.5621 | -2.78156 | 1.40722
C8 | -28.2556 | -1.83374 | 0.68243
N7 | -27.7923 | -0.626 | 0.87411
C5 | -26.75658 | -0.7855 | 1.77945
C6 | -25.89059 | 0.17282 | 2.35861
O6 | -25.87724 | 1.39376 | 2.1754
N1 | -24.97228 | -0.40867 | 3.22551
C2 | -24.88642 | -1.74895 | 3.49257
N2 | -23.92799 | -2.12037 | 4.35707
N3 | -25.68467 | -2.65722 | 2.95519
C4 | -26.59987 | -2.11152 | 2.11875
