43
G_A_6-A_A_21-1l2x.pdb
P | 9.60033 | -6.68791 | -26.38133
OP1 | 8.64293 | -7.59191 | -25.68187
OP2 | 9.52424 | -5.23596 | -26.09987
O5' | 11.08463 | -7.16227 | -26.07175
C5' | 11.46033 | -8.52952 | -26.29277
C4' | 12.95684 | -8.65064 | -26.27722
O4' | 13.55395 | -7.81407 | -27.29975
C3' | 13.64465 | -8.1668 | -25.00689
O3' | 13.56919 | -9.09206 | -23.94612
C2' | 15.07328 | -7.99439 | -25.47824
O2' | 15.66293 | -9.26992 | -25.67462
C1' | 14.82983 | -7.36606 | -26.83099
N9 | 14.78239 | -5.90936 | -26.80474
C8 | 13.70082 | -5.07904 | -26.91629
N7 | 14.02901 | -3.82007 | -26.85049
C5 | 15.40571 | -3.81459 | -26.70761
C6 | 16.33999 | -2.75573 | -26.5896
O6 | 16.07995 | -1.54764 | -26.60211
N1 | 17.65526 | -3.19805 | -26.46474
C2 | 18.01843 | -4.52727 | -26.43081
N2 | 19.33071 | -4.77945 | -26.29368
N3 | 17.16571 | -5.52923 | -26.5438
C4 | 15.89111 | -5.10068 | -26.67515
P | 16.61212 | -9.68507 | -29.89482
OP1 | 15.34809 | -10.07328 | -29.22443
OP2 | 17.36216 | -8.49934 | -29.38842
O5' | 17.62331 | -10.91969 | -29.74848
C5' | 17.22626 | -12.26435 | -29.99542
C4' | 18.45325 | -13.12407 | -30.14169
O4' | 19.27139 | -12.64355 | -31.2493
C2' | 20.67821 | -13.66477 | -29.61644
O2' | 20.60643 | -15.0443 | -29.91967
C1' | 20.64093 | -12.92948 | -30.9543
N9 | 21.37942 | -11.66607 | -30.9558
C8 | 20.94507 | -10.37016 | -30.87249
N7 | 21.91171 | -9.48344 | -30.91086
C5 | 23.06037 | -10.24908 | -31.06391
C6 | 24.41773 | -9.91688 | -31.17995
N6 | 24.86926 | -8.66416 | -31.17165
N1 | 25.30706 | -10.92401 | -31.31885
C2 | 24.85055 | -12.18381 | -31.3247
N3 | 23.60104 | -12.62945 | -31.21743
C4 | 22.74903 | -11.59217 | -31.09873
