46
G_A_19-G_A_19-1l2x.pdb
P | -15.66017 | -30.34118 | 29.0016
P | -15.66017 | -30.34118 | 29.0016
OP1 | -15.6435 | -31.37022 | 30.05717
OP1 | -15.6435 | -31.37022 | 30.05717
OP2 | -15.11308 | -28.98542 | 29.24446
OP2 | -15.11308 | -28.98542 | 29.24446
O5' | -14.86282 | -30.98166 | 27.76609
O5' | -14.86282 | -30.98166 | 27.76609
C5' | -14.33639 | -30.11506 | 26.76382
C5' | -14.33639 | -30.11506 | 26.76382
C4' | -13.80126 | -30.9864 | 25.65369
C4' | -13.80126 | -30.9864 | 25.65369
O4' | -13.29919 | -30.16665 | 24.58015
O4' | -13.29919 | -30.16665 | 24.58015
C3' | -12.61623 | -31.87734 | 26.01173
C3' | -12.61623 | -31.87734 | 26.01173
O3' | -12.56705 | -33.00115 | 25.15854
O3' | -12.56705 | -33.00115 | 25.15854
C2' | -11.45998 | -30.92421 | 25.82723
C2' | -11.45998 | -30.92421 | 25.82723
O2' | -10.23145 | -31.58979 | 25.58356
O2' | -10.23145 | -31.58979 | 25.58356
C1' | -11.8802 | -30.11788 | 24.61727
C1' | -11.8802 | -30.11788 | 24.61727
N9 | -11.55163 | -28.69231 | 24.63215
N9 | -11.55163 | -28.69231 | 24.63215
C8 | -12.37738 | -27.59704 | 24.61776
C8 | -12.37738 | -27.59704 | 24.61776
N7 | -11.7251 | -26.45865 | 24.6185
N7 | -11.7251 | -26.45865 | 24.6185
C5 | -10.38926 | -26.82896 | 24.62731
C5 | -10.38926 | -26.82896 | 24.62731
C6 | -9.2001 | -26.05548 | 24.62296
C6 | -9.2001 | -26.05548 | 24.62296
O6 | -9.08262 | -24.82312 | 24.62523
O6 | -9.08262 | -24.82312 | 24.62523
N1 | -8.05359 | -26.85731 | 24.62522
N1 | -8.05359 | -26.85731 | 24.62522
C2 | -8.07879 | -28.23018 | 24.6207
C2 | -8.07879 | -28.23018 | 24.6207
N2 | -6.91266 | -28.86873 | 24.62234
N2 | -6.91266 | -28.86873 | 24.62234
N3 | -9.17698 | -28.97812 | 24.62002
N3 | -9.17698 | -28.97812 | 24.62002
C4 | -10.27044 | -28.19567 | 24.62202
C4 | -10.27044 | -28.19567 | 24.62202
