46
G_A_18-G_A_16-1l2x.pdb
P | -31.78798 | -8.85039 | 21.52289
OP1 | -33.14469 | -9.09024 | 22.0993
OP2 | -30.91972 | -7.80411 | 22.11999
O5' | -30.9618 | -10.20702 | 21.56124
C5' | -31.57119 | -11.40301 | 21.05941
C4' | -30.58011 | -12.53102 | 21.03757
O4' | -29.46397 | -12.24323 | 20.16721
C3' | -29.8995 | -12.83434 | 22.37501
O3' | -30.78444 | -13.53714 | 23.21813
C2' | -28.71136 | -13.6475 | 21.93677
O2' | -29.11627 | -14.96673 | 21.5383
C1' | -28.3018 | -12.89971 | 20.67399
N9 | -27.28932 | -11.86631 | 20.88504
C8 | -27.46101 | -10.52048 | 21.03123
N7 | -26.33518 | -9.86777 | 21.19782
C5 | -25.36203 | -10.85575 | 21.15927
C6 | -23.954 | -10.78872 | 21.28922
O6 | -23.24279 | -9.79115 | 21.46351
N1 | -23.36382 | -12.04521 | 21.19295
C2 | -24.03106 | -13.22546 | 21.00037
N2 | -23.26888 | -14.33364 | 20.93433
N3 | -25.33968 | -13.29685 | 20.87982
C4 | -25.93316 | -12.09609 | 20.96475
P | -25.31075 | -16.06615 | 28.66088
OP1 | -25.74011 | -17.31053 | 29.35999
OP2 | -25.57344 | -14.73994 | 29.26955
O5' | -23.73895 | -16.12703 | 28.44001
C5' | -23.07094 | -17.22387 | 27.8298
C4' | -21.59259 | -17.13044 | 28.08047
O4' | -21.08546 | -15.90631 | 27.49029
C3' | -21.16943 | -17.03607 | 29.53677
O3' | -19.89371 | -17.58773 | 29.74022
C2' | -21.08147 | -15.55202 | 29.78582
O2' | -20.30404 | -15.21934 | 30.91418
C1' | -20.4613 | -15.1028 | 28.45726
N9 | -20.74073 | -13.69443 | 28.23872
C8 | -22.00344 | -13.15598 | 28.09629
N7 | -21.97312 | -11.86092 | 27.91767
C5 | -20.62894 | -11.53063 | 27.96091
C6 | -19.98985 | -10.27423 | 27.83137
O6 | -20.51312 | -9.17078 | 27.64963
N1 | -18.60702 | -10.37835 | 27.93073
C2 | -17.92047 | -11.54836 | 28.11713
N2 | -16.58293 | -11.44605 | 28.18361
N3 | -18.50297 | -12.73067 | 28.23447
C4 | -19.85311 | -12.65199 | 28.15756
