46
G_A_6-G_A_6-1l2x.pdb
P | 9.23758 | -16.93397 | -32.2172
P | 9.23758 | -16.93397 | -32.2172
OP1 | 8.15117 | -17.55371 | -31.4056
OP1 | 8.15117 | -17.55371 | -31.4056
OP2 | 9.58828 | -15.51968 | -31.95271
OP2 | 9.58828 | -15.51968 | -31.95271
O5' | 10.56196 | -17.79715 | -32.05929
O5' | 10.56196 | -17.79715 | -32.05929
C5' | 10.52727 | -19.21198 | -32.29685
C5' | 10.52727 | -19.21198 | -32.29685
C4' | 11.92775 | -19.73458 | -32.43826
C4' | 11.92775 | -19.73458 | -32.43826
O4' | 12.61681 | -19.07772 | -33.53174
O4' | 12.61681 | -19.07772 | -33.53174
C3' | 12.85219 | -19.47238 | -31.25607
C3' | 12.85219 | -19.47238 | -31.25607
O3' | 12.64222 | -20.35657 | -30.1785
O3' | 12.64222 | -20.35657 | -30.1785
C2' | 14.21543 | -19.68758 | -31.87909
C2' | 14.21543 | -19.68758 | -31.87909
O2' | 14.41291 | -21.07247 | -32.11634
O2' | 14.41291 | -21.07247 | -32.11634
C1' | 14.00874 | -18.99878 | -33.20832
C1' | 14.00874 | -18.99878 | -33.20832
N9 | 14.36096 | -17.58429 | -33.20068
N9 | 14.36096 | -17.58429 | -33.20068
C8 | 13.53942 | -16.49037 | -33.21019
C8 | 13.53942 | -16.49037 | -33.21019
N7 | 14.20161 | -15.36857 | -33.1999
N7 | 14.20161 | -15.36857 | -33.1999
C5 | 15.53535 | -15.73854 | -33.20404
C5 | 15.53535 | -15.73854 | -33.20404
C6 | 16.72869 | -14.97438 | -33.20294
C6 | 16.72869 | -14.97438 | -33.20294
O6 | 16.80602 | -13.74099 | -33.20726
O6 | 16.80602 | -13.74099 | -33.20726
N1 | 17.88038 | -15.75842 | -33.21126
N1 | 17.88038 | -15.75842 | -33.21126
C2 | 17.87116 | -17.13665 | -33.19463
C2 | 17.87116 | -17.13665 | -33.19463
N2 | 19.07283 | -17.73705 | -33.1935
N2 | 19.07283 | -17.73705 | -33.1935
N3 | 16.7718 | -17.86823 | -33.20031
N3 | 16.7718 | -17.86823 | -33.20031
C4 | 15.65461 | -17.10838 | -33.20255
C4 | 15.65461 | -17.10838 | -33.20255
