46
G_A_4-G_A_18-1l2x.pdb
P | 2.54979 | 16.10933 | 23.99153
OP1 | 2.99381 | 15.11967 | 22.9909
OP2 | 1.13027 | 16.1808 | 24.43059
O5' | 3.43368 | 15.86226 | 25.31193
C5' | 4.86448 | 15.95159 | 25.19912
C4' | 5.49291 | 15.84352 | 26.55902
O4' | 5.10063 | 16.98773 | 27.35617
C3' | 5.07313 | 14.66336 | 27.43037
O3' | 5.74856 | 13.48517 | 27.03849
C2' | 5.46336 | 15.16045 | 28.80834
O2' | 6.87721 | 15.25036 | 28.93245
C1' | 4.97845 | 16.59791 | 28.71741
N9 | 3.58625 | 16.78295 | 29.11275
C8 | 2.49523 | 17.0646 | 28.33868
N7 | 1.40538 | 17.1776 | 29.04863
C5 | 1.79209 | 16.96103 | 30.36325
C6 | 1.05247 | 16.95226 | 31.57408
O6 | -0.16285 | 17.13917 | 31.76804
N1 | 1.86707 | 16.68507 | 32.66847
C2 | 3.21771 | 16.44651 | 32.60999
N2 | 3.83354 | 16.2046 | 33.78005
N3 | 3.92736 | 16.45936 | 31.49372
C4 | 3.15229 | 16.72141 | 30.41987
P | 4.48255 | 18.88689 | 40.48843
OP1 | 5.45051 | 19.10182 | 41.60129
OP2 | 3.52787 | 19.95732 | 40.11285
O5' | 5.29817 | 18.56304 | 39.16445
C5' | 6.2933 | 17.55101 | 39.07975
C4' | 7.10137 | 17.72713 | 37.82552
O4' | 6.22812 | 17.60094 | 36.67421
C3' | 7.75496 | 19.08633 | 37.64061
O3' | 8.93517 | 18.99281 | 36.8846
C2' | 6.74377 | 19.86007 | 36.83378
O2' | 7.29163 | 20.98145 | 36.17757
C1' | 6.27548 | 18.75602 | 35.87812
N9 | 4.96503 | 19.09082 | 35.34897
C8 | 3.8229 | 19.23523 | 36.11011
N7 | 2.77986 | 19.54615 | 35.38526
C5 | 3.26223 | 19.62568 | 34.08958
C6 | 2.59283 | 19.93042 | 32.88012
O6 | 1.39901 | 20.20168 | 32.71996
N1 | 3.44999 | 19.89914 | 31.78594
C2 | 4.78442 | 19.59759 | 31.844
N2 | 5.44689 | 19.61485 | 30.67578
N3 | 5.42294 | 19.30542 | 32.96555
C4 | 4.61064 | 19.34611 | 34.04884
