43
G_A_28-C_A_10-1l2x.pdb
P | -35.4618 | 2.38808 | -15.31324
OP1 | -35.59179 | 2.16674 | -16.7755
OP2 | -36.6785 | 2.37117 | -14.44844
O5' | -34.46044 | 1.33656 | -14.64324
C5' | -33.30176 | 0.86391 | -15.32102
C4' | -32.61377 | -0.17662 | -14.47835
O4' | -31.9804 | 0.42106 | -13.31777
C3' | -33.53452 | -1.23206 | -13.87698
O3' | -33.88232 | -2.22025 | -14.82867
C2' | -32.67957 | -1.75675 | -12.74533
O2' | -31.64226 | -2.54916 | -13.25575
C1' | -32.09296 | -0.4631 | -12.20354
N1 | -32.91899 | 0.19724 | -11.18201
C2 | -32.88839 | -0.27131 | -9.86401
O2 | -32.18594 | -1.25749 | -9.60298
N3 | -33.64854 | 0.33516 | -8.92639
C4 | -34.40994 | 1.38203 | -9.22688
N4 | -35.13488 | 1.93942 | -8.25621
C5 | -34.46126 | 1.87887 | -10.55983
C6 | -33.70982 | 1.27265 | -11.48051
P | -36.38038 | -3.46065 | 2.86003
OP1 | -35.93931 | -4.13816 | 4.09938
OP2 | -36.15161 | -1.99915 | 2.70086
O5' | -35.74165 | -4.21028 | 1.60962
C5' | -34.4727 | -3.8573 | 1.0837
C4' | -34.30461 | -4.56407 | -0.24356
O4' | -35.36092 | -4.18496 | -1.16822
C3' | -33.01029 | -4.25368 | -0.98509
O3' | -31.90685 | -5.00054 | -0.49673
C2' | -33.38045 | -4.63853 | -2.40532
O2' | -33.47632 | -6.06144 | -2.50579
C1' | -34.81432 | -4.14088 | -2.48578
N9 | -34.96372 | -2.76818 | -2.96813
C8 | -35.49565 | -1.70457 | -2.28209
N7 | -35.51178 | -0.60771 | -2.98393
C5 | -34.97931 | -0.97153 | -4.21387
C6 | -34.73176 | -0.20656 | -5.38179
O6 | -34.95314 | 0.99616 | -5.5975
N1 | -34.1666 | -0.9811 | -6.38995
C2 | -33.86136 | -2.31393 | -6.28862
N2 | -33.31809 | -2.8754 | -7.37193
N3 | -34.07834 | -3.04273 | -5.20733
C4 | -34.62958 | -2.30561 | -4.21843
