['A_U_10-PHE_A_73-3ts0.pdb', 3.8077851493784602, 11.330913041429739, 48.54539806686462]
['A_U_15-C_U_16-3ts0.pdb', 3.6045818459220236, 15.862920808815309, 44.187334230015985]
['A_U_15-U_U_14-3ts0.pdb', 4.717114948923556, 45.8085854317657, 56.561543859326456]
['A_U_6-PHE_A_84-3ts0.pdb', 3.422184735094107, 9.739527680510461, 40.51709055177982]
['A_U_6-U_U_5-3ts0.pdb', 4.282878749116028, 40.4764926089587, 53.99024748382407]
['C_U_16-A_U_15-3ts0.pdb', 3.6045818459220236, 9.09202367164642, 62.36161935865898]
['C_U_17-G_U_4-3ts0.pdb', 5.033338510237711, 53.92868871007515, 70.84299023438159]
['C_U_18-G_U_3-3ts0.pdb', 5.022942517176979, 51.21406688428499, 70.48249657508282]
['C_U_18-U_U_19-3ts0.pdb', 3.9074954361244436, 24.850390757641918, 64.64554641194191]
['G_U_2-U_U_19-3ts0.pdb', 5.852708073465644, 54.17110418879215, 64.03049946333117]
['G_U_3-C_U_18-3ts0.pdb', 5.022942517176979, 48.23005213395885, 58.911934741488174]
['G_U_4-C_U_17-3ts0.pdb', 5.033338510237711, 46.19029322104011, 59.354368864129285]
['G_U_4-U_U_5-3ts0.pdb', 3.7745678760931742, 27.67513800129929, 46.61518281858362]
['G_U_7-PHE_A_84-3ts0.pdb', 4.359078741227578, 36.235610751836916, 55.166055392887465]
['G_U_9-HIS_A_75-3ts0.pdb', 3.548355326967654, 12.842990842922456, 44.48912155217565]
['PHE_A_116-HIS_A_80-3ts0.pdb', 4.656969173781981, 59.985486085140835, 71.62440313904531]
['PHE_A_55-TRP_A_46-3ts0.pdb', 5.704012249621066, 83.23135826092577, 77.18922715821583]
['PHE_A_55-U_U_11-3ts0.pdb', 3.625080615961835, 13.796314398062721, 62.78376760315734]
['PHE_A_73-A_U_10-3ts0.pdb', 3.8077851493784602, 16.9455632112967, 64.45689073906598]
['PHE_A_84-A_U_6-3ts0.pdb', 3.422184735094107, 16.55430427524824, 60.777392064361365]
['PHE_A_84-G_U_7-3ts0.pdb', 4.359078741227578, 50.41589326690519, 68.13326254796651]
['TRP_A_46-PHE_A_55-3ts0.pdb', 5.704012249621066, 53.092284826658464, 68.86439897122283]
['TRP_A_46-U_U_12-3ts0.pdb', 4.936477315872473, 46.1314972434755, 57.098411146393474]
['TYR_A_140-HIS_A_162-3ts0.pdb', 4.583743932880872, 36.106714469466816, 72.88395355840264]
['U_U_12-TRP_A_46-3ts0.pdb', 4.936477315872473, 36.52048073131642, 70.08384727234373]
['U_U_14-A_U_15-3ts0.pdb', 4.717114948923556, 49.6096765910064, 68.99902962131613]
['U_U_19-C_U_18-3ts0.pdb', 3.9074954361244436, 22.464052762235834, 64.28643733488245]
['U_U_19-G_U_2-3ts0.pdb', 5.852708073465644, 60.62135581910789, 73.29664055939183]
['U_U_5-A_U_6-3ts0.pdb', 4.282878749116028, 35.724548113086094, 67.51757846151541]
['U_U_5-G_U_4-3ts0.pdb', 3.7745678760931742, 24.323271417884055, 63.199182966547006]
['A_A_20-C_A_5-1l2x.pdb', 5.793930507196494, 31.08236650213973, 68.25758317086185]
['A_A_25-C_A_26-1l2x.pdb', 3.6269037870126817, 12.756648240117663, 45.54781542505052]
['A_A_9-C_A_10-1l2x.pdb', 3.8441501830222053, 24.359160895624818, 50.288511113628346]
['C_A_10-A_A_9-1l2x.pdb', 3.8441501830222053, 18.610631558177882, 65.82414906864662]
['C_A_11-G_A_12-1l2x.pdb', 4.730582217253772, 45.54831824350868, 69.92730413921832]
['C_A_11-G_A_28-1l2x.pdb', 5.133966243149875, 48.85943891648111, 71.76835569135224]
['C_A_14-G_A_12-1l2x.pdb', 3.9924921372557916, 28.904153143207672, 65.94363787480745]
['C_A_15-G_A_16-1l2x.pdb', 4.582142504897156, 39.57239373146901, 69.19097652540901]
['C_A_15-G_A_7-1l2x.pdb', 5.355785350936734, 55.40152247999076, 72.2815891415355]
['C_A_17-G_A_16-1l2x.pdb', 3.6914914292494663, 16.362202462616906, 64.04913077798122]
['C_A_17-G_A_18-1l2x.pdb', 5.482838393456933, 43.26915884326452, 73.27268979644025]
['C_A_26-A_A_25-1l2x.pdb', 3.6269037870126817, 16.17727465922488, 63.37811679654289]
['C_A_26-G_A_27-1l2x.pdb', 4.84833449766356, 39.280915600432316, 71.2423410687478]
['C_A_3-G_A_2-1l2x.pdb', 4.1730899264155115, 35.976412255295415, 66.79484723181446]
['C_A_3-G_A_4-1l2x.pdb', 4.787262370404028, 41.344216153106224, 69.90651709107568]
['C_A_5-A_A_20-1l2x.pdb', 5.793930507196494, 64.00755629565474, 76.49267331097593]
['C_A_5-G_A_4-1l2x.pdb', 4.017454149791758, 30.473195268540337, 66.14281544701583]
['C_A_5-G_A_6-1l2x.pdb', 4.775450320049329, 42.7123254858258, 70.42310706401842]
['C_A_8-G_A_7-1l2x.pdb', 4.120294605087857, 32.75592338746641, 67.06981148549194]
['G_A_12-C_A_11-1l2x.pdb', 4.730582217253772, 43.54573274009027, 58.01413387852162]
['G_A_12-C_A_14-1l2x.pdb', 3.9924921372557916, 29.953826636336167, 50.82718309367507]
['G_A_16-C_A_15-1l2x.pdb', 4.582142504897156, 44.654151685899436, 56.74469837640824]
['G_A_16-C_A_17-1l2x.pdb', 3.6914914292494663, 26.549958320521014, 47.47383898091911]
['G_A_18-C_A_17-1l2x.pdb', 5.482838393456933, 54.5165924326262, 63.22006390102639]
['G_A_2-C_A_3-1l2x.pdb', 4.1730899264155115, 37.31416974784407, 52.3517289824171]
['G_A_27-C_A_26-1l2x.pdb', 4.84833449766356, 52.54223073294963, 60.26216511543887]
['G_A_28-C_A_11-1l2x.pdb', 5.133966243149875, 51.3132444747795, 60.8599375350605]
['G_A_4-C_A_3-1l2x.pdb', 4.787262370404028, 45.59586023374404, 57.964279872984875]
['G_A_4-C_A_5-1l2x.pdb', 4.017454149791758, 30.980588071251482, 50.766509590040165]
['G_A_6-C_A_5-1l2x.pdb', 4.775450320049329, 48.53422569794063, 58.351554944440835]
['G_A_7-C_A_15-1l2x.pdb', 5.355785350936734, 51.086904701808095, 61.73115282282532]
['G_A_7-C_A_8-1l2x.pdb', 4.120294605087857, 36.62898438709916, 52.38599292768437]
['PHE_D_142-A_E_4-4f02.pdb', 4.432530535431299, 40.87862383331929, 67.61373110164949]
['TYR_D_14-A_E_6-4f02.pdb', 3.901503846650942, 33.974438536900315, 64.26263066635437]
['TYR_D_56-A_E_8-4f02.pdb', 3.779440098728459, 26.2201504112609, 63.08999499723133]
['TYR_A_54-PHE_B_86-3u43.pdb', 3.956747345428508, 27.998803161772198, 64.31838521630796]
['TYR_C_13-C_R_10-1urn.pdb', 3.7145858001487424, 13.180341886662198, 63.418627238147685]
