40
BRU_B_18-BRU_B_18-1p54.pdb
N1 | -0.11451 | -5.534 | -14.85665
N1 | -0.11451 | -5.534 | -14.85665
C2 | 1.26871 | -5.5722 | -14.84151
C2 | 1.26871 | -5.5722 | -14.84151
N3 | 1.88186 | -4.34722 | -14.83005
N3 | 1.88186 | -4.34722 | -14.83005
C4 | 1.26384 | -3.11766 | -14.83005
C4 | 1.26384 | -3.11766 | -14.83005
C5 | -0.1652 | -3.16915 | -14.80363
C5 | -0.1652 | -3.16915 | -14.80363
C6 | -0.79143 | -4.3431 | -14.8184
C6 | -0.79143 | -4.3431 | -14.8184
O2 | 1.89767 | -6.6084 | -14.83358
O2 | 1.89767 | -6.6084 | -14.83358
O4 | 1.93917 | -2.10918 | -14.98948
O4 | 1.93917 | -2.10918 | -14.98948
BR | -1.02553 | -1.55955 | -14.73772
BR | -1.02553 | -1.55955 | -14.73772
C1' | -0.82066 | -6.81634 | -14.93919
C1' | -0.82066 | -6.81634 | -14.93919
C2' | -2.27641 | -6.77602 | -14.51593
C2' | -2.27641 | -6.77602 | -14.51593
C3' | -2.87205 | -7.90275 | -15.34068
C3' | -2.87205 | -7.90275 | -15.34068
C4' | -2.07106 | -7.83574 | -16.63897
C4' | -2.07106 | -7.83574 | -16.63897
O3' | -2.62136 | -9.16371 | -14.7153
O3' | -2.62136 | -9.16371 | -14.7153
O4' | -0.82153 | -7.19502 | -16.30107
O4' | -0.82153 | -7.19502 | -16.30107
C5' | -2.74371 | -7.11671 | -17.78632
C5' | -2.74371 | -7.11671 | -17.78632
O5' | -3.26713 | -5.86419 | -17.35145
O5' | -3.26713 | -5.86419 | -17.35145
P | -4.35824 | -5.09482 | -18.22109
P | -4.35824 | -5.09482 | -18.22109
OP1 | -4.8555 | -6.00673 | -19.28386
OP1 | -4.8555 | -6.00673 | -19.28386
OP2 | -5.32111 | -4.45831 | -17.28637
OP2 | -5.32111 | -4.45831 | -17.28637
