42
BRU_B_18-DG_A_4-1p54.pdb
P | 10.00868 | 1.89862 | -13.0413
OP1 | 11.47724 | 1.81365 | -12.92061
OP2 | 9.39685 | 3.09647 | -13.66763
O5' | 9.49476 | 0.61237 | -13.82374
C5' | 9.70426 | -0.68557 | -13.28536
C4' | 9.01404 | -1.72409 | -14.13505
O4' | 7.57543 | -1.63163 | -13.95454
C3' | 9.2772 | -1.60865 | -15.64024
O3' | 9.65682 | -2.88596 | -16.16819
C2' | 7.94221 | -1.14779 | -16.20135
C1' | 6.94869 | -1.73705 | -15.21322
N9 | 5.66509 | -1.04711 | -15.14291
C8 | 5.45158 | 0.30765 | -15.16539
N7 | 4.1882 | 0.63112 | -15.13512
C5 | 3.52421 | -0.58504 | -15.07269
C6 | 2.13326 | -0.87197 | -15.01156
O6 | 1.18712 | -0.08359 | -14.98066
N1 | 1.89232 | -2.23795 | -14.96934
C2 | 2.86042 | -3.21033 | -14.96593
N2 | 2.41502 | -4.47683 | -14.92453
N3 | 4.16461 | -2.9598 | -15.00446
C4 | 4.42119 | -1.63244 | -15.06469
N1 | 0.01006 | -6.42444 | -11.53813
C2 | 0.89264 | -5.3586 | -11.5355
N3 | 0.30693 | -4.12176 | -11.47362
C4 | -1.04112 | -3.85177 | -11.4134
C5 | -1.87968 | -5.00981 | -11.37821
C6 | -1.34231 | -6.22547 | -11.44099
O2 | 2.09561 | -5.50113 | -11.57917
O4 | -1.42509 | -2.69551 | -11.53247
BR | -3.67333 | -4.69818 | -11.23313
C1' | 0.58076 | -7.76832 | -11.67288
C2' | -0.3305 | -8.89948 | -11.23691
C3' | 0.15593 | -10.04445 | -12.10694
C4' | 0.54422 | -9.34411 | -13.40709
O3' | 1.32765 | -10.6367 | -11.54099
O4' | 0.82329 | -7.97265 | -13.05039
C5' | -0.48203 | -9.40659 | -14.5156
O5' | -1.77235 | -9.05734 | -14.02066
P | -3.08475 | -9.4245 | -14.84623
OP1 | -2.71634 | -10.35459 | -15.9451
OP2 | -4.14091 | -9.81145 | -13.8763
