36
BRU_B_18-DC_A_1-1p54.pdb
O5' | 2.75934 | 13.8563 | -3.06173
C5' | 3.98861 | 14.42582 | -2.58747
C4' | 4.94541 | 13.32376 | -2.19543
O4' | 5.04066 | 12.38557 | -3.28839
C3' | 6.37535 | 13.77158 | -1.91577
O3' | 6.9664 | 12.90572 | -0.936
C2' | 7.04502 | 13.63657 | -3.27357
C1' | 6.31842 | 12.44757 | -3.90272
N1 | 6.08583 | 12.54632 | -5.35365
C2 | 7.17047 | 12.4837 | -6.22797
O2 | 8.30345 | 12.33124 | -5.7615
N3 | 6.95271 | 12.5836 | -7.56183
C4 | 5.71275 | 12.72317 | -8.02531
N4 | 5.5404 | 12.79417 | -9.34214
C5 | 4.58579 | 12.78463 | -7.15528
C6 | 4.81644 | 12.69397 | -5.84136
N1 | 6.40351 | 19.08412 | -10.00672
C2 | 7.46861 | 19.11206 | -9.12367
N3 | 7.15769 | 19.52174 | -7.85396
C4 | 5.91691 | 19.89512 | -7.39047
C5 | 4.86609 | 19.79707 | -8.35569
C6 | 5.1356 | 19.40651 | -9.59881
O2 | 8.59439 | 18.79417 | -9.44132
O4 | 5.82072 | 20.39877 | -6.27889
BR | 3.19097 | 20.22153 | -7.76479
C1' | 6.69346 | 18.71942 | -11.39696
C2' | 5.49162 | 18.27484 | -12.20809
C3' | 5.90353 | 18.66652 | -13.61572
C4' | 6.70468 | 19.94723 | -13.39303
O3' | 6.77181 | 17.67724 | -14.17375
O4' | 7.1819 | 19.88439 | -12.03129
C5' | 5.95534 | 21.23799 | -13.63447
O5' | 4.69147 | 21.21141 | -12.97583
P | 3.54354 | 22.2394 | -13.3811
OP1 | 3.93819 | 22.92948 | -14.63663
OP2 | 2.24405 | 21.52362 | -13.31082
