42
BRU_B_18-DG_B_20-1p54.pdb
N1 | -0.32111 | 17.51741 | -10.29656
C2 | 1.05112 | 17.46548 | -10.12551
N3 | 1.51729 | 18.07936 | -8.99304
C4 | 0.76523 | 18.72257 | -8.03676
C5 | -0.64564 | 18.69327 | -8.26926
C6 | -1.13029 | 18.10873 | -9.36195
O2 | 1.79126 | 16.91512 | -10.91207
O4 | 1.33215 | 19.3702 | -7.16629
BR | -1.6865 | 19.47955 | -6.99109
C1' | -0.86675 | 16.9361 | -11.52709
C2' | -2.34822 | 16.61469 | -11.48333
C3' | -2.73924 | 16.74777 | -12.94412
C4' | -1.84386 | 17.88307 | -13.43508
O3' | -2.40028 | 15.55789 | -13.66055
O4' | -0.70882 | 17.90698 | -12.54225
C5' | -2.49435 | 19.24613 | -13.50424
O5' | -3.19229 | 19.52744 | -12.2936
P | -4.2863 | 20.68449 | -12.23782
OP1 | -4.58426 | 21.13091 | -13.62355
OP2 | -5.39135 | 20.22592 | -11.35773
P | 1.71732 | 11.02739 | -17.67193
OP1 | 1.94565 | 11.44285 | -19.0824
OP2 | 0.57538 | 10.13857 | -17.33858
O5' | 3.06942 | 10.38769 | -17.11884
C5' | 4.32419 | 11.04176 | -17.30404
C4' | 5.29484 | 10.62328 | -16.22526
O4' | 4.68013 | 10.92168 | -14.94661
C3' | 5.60274 | 9.12574 | -16.19115
O3' | 6.87871 | 8.86633 | -15.59585
C2' | 4.54736 | 8.59161 | -15.23963
C1' | 4.42619 | 9.7209 | -14.22813
N9 | 3.10718 | 9.83733 | -13.61419
C8 | 1.89732 | 9.62725 | -14.22482
N7 | 0.88369 | 9.79162 | -13.42319
C5 | 1.45625 | 10.13516 | -12.20632
C6 | 0.84989 | 10.44051 | -10.94726
O6 | -0.3568 | 10.47379 | -10.65324
N1 | 1.80605 | 10.73487 | -9.98056
C2 | 3.16079 | 10.74261 | -10.19127
N2 | 3.9168 | 11.05163 | -9.13723
N3 | 3.73456 | 10.46748 | -11.35163
C4 | 2.82951 | 10.1736 | -12.30792
