42
BRU_B_18-DG_B_19-1p54.pdb
N1 | 3.64876 | 12.43529 | -11.98778
C2 | 4.83903 | 12.61573 | -11.30537
N3 | 4.75877 | 13.42897 | -10.20589
C4 | 3.63304 | 14.06256 | -9.73146
C5 | 2.43939 | 13.78895 | -10.47025
C6 | 2.48427 | 13.00658 | -11.54561
O2 | 5.87796 | 12.09233 | -11.64602
O4 | 3.74557 | 14.89194 | -8.83815
BR | 0.90898 | 14.55835 | -9.83683
C1' | 3.69231 | 11.62969 | -13.2121
C2' | 2.3517 | 11.09302 | -13.67551
C3' | 2.56153 | 10.98308 | -15.17498
C4' | 3.46872 | 12.17266 | -15.48083
O3' | 3.26555 | 9.77986 | -15.4922
O4' | 4.14909 | 12.48033 | -14.24452
C5' | 2.77564 | 13.40086 | -16.02585
O5' | 1.63204 | 13.71935 | -15.23679
P | 0.50345 | 14.69306 | -15.79975
OP1 | 0.73945 | 14.91386 | -17.25022
OP2 | -0.81229 | 14.18292 | -15.33654
P | 3.01706 | 9.06031 | -16.91341
OP1 | 2.87638 | 10.09865 | -17.95711
OP2 | 1.93307 | 8.06896 | -16.71867
O5' | 4.3822 | 8.29673 | -17.18973
C5' | 5.56473 | 9.01385 | -17.54628
C4' | 6.71704 | 8.59413 | -16.66247
O4' | 6.42376 | 8.98033 | -15.30618
C3' | 6.97762 | 7.09197 | -16.59479
O3' | 8.36733 | 6.85146 | -16.32479
C2' | 6.1476 | 6.66511 | -15.40079
C1' | 6.38068 | 7.83019 | -14.47477
N9 | 5.37037 | 8.07262 | -13.45623
C8 | 4.01664 | 7.83852 | -13.5208
N7 | 3.37909 | 8.26929 | -12.46875
C5 | 4.3762 | 8.80526 | -11.66142
C6 | 4.29805 | 9.45414 | -10.40709
O6 | 3.30534 | 9.73729 | -9.7559
N1 | 5.55213 | 9.80474 | -9.93195
C2 | 6.73364 | 9.5829 | -10.58585
N2 | 7.85138 | 9.98182 | -9.95224
N3 | 6.8189 | 9.01234 | -11.76794
C4 | 5.60863 | 8.65042 | -12.24238
