42
BRU_A_8-DG_A_9-1p54.pdb
N1 | -8.08202 | 6.85946 | -7.04548
C2 | -6.86866 | 7.35526 | -6.60632
N3 | -6.9213 | 8.62179 | -6.0795
C4 | -8.03818 | 9.4344 | -5.99299
C5 | -9.22772 | 8.85379 | -6.50646
C6 | -9.21329 | 7.6246 | -7.00589
O2 | -5.82389 | 6.72392 | -6.7008
O4 | -7.9396 | 10.57262 | -5.53171
BR | -10.72898 | 9.88598 | -6.41337
C1' | -8.1269 | 5.47377 | -7.52129
C2' | -9.41511 | 4.75087 | -7.17558
C3' | -9.38676 | 3.6419 | -8.20207
C4' | -8.80459 | 4.33763 | -9.43664
O3' | -8.45864 | 2.66835 | -7.74022
O4' | -8.05724 | 5.47303 | -8.93829
C5' | -9.81996 | 4.77515 | -10.46836
O5' | -10.86368 | 5.52365 | -9.85502
P | -12.16181 | 5.96222 | -10.67938
OP1 | -12.26761 | 5.09695 | -11.88139
OP2 | -13.28304 | 6.02672 | -9.71567
P | -8.46025 | 1.19559 | -8.38854
OP1 | -8.47091 | 1.36087 | -9.85127
OP2 | -9.53 | 0.40015 | -7.72598
O5' | -7.0514 | 0.58429 | -7.96433
C5' | -5.92626 | 0.67957 | -8.83207
C4' | -4.6731 | 0.88517 | -8.01976
O4' | -4.85266 | 2.08266 | -7.22211
C3' | -4.3945 | -0.24227 | -7.02864
O3' | -2.98028 | -0.44882 | -6.91444
C2' | -5.02117 | 0.26156 | -5.73758
C1' | -4.84448 | 1.76992 | -5.84223
N9 | -5.88426 | 2.57649 | -5.21342
C8 | -7.21981 | 2.27694 | -5.07799
N7 | -7.90434 | 3.23803 | -4.51341
C5 | -6.95859 | 4.22484 | -4.24937
C6 | -7.0957 | 5.51725 | -3.64411
O6 | -8.10948 | 6.07039 | -3.21962
N1 | -5.87485 | 6.17314 | -3.56212
C2 | -4.67629 | 5.66935 | -4.0027
N2 | -3.59843 | 6.45353 | -3.82397
N3 | -4.53788 | 4.48512 | -4.57611
C4 | -5.70678 | 3.82243 | -4.66262
