42
BRU_A_8-DG_A_10-1p54.pdb
N1 | -8.70445 | 7.65837 | -10.3066
C2 | -7.34457 | 7.90522 | -10.27987
N3 | -7.00237 | 9.22621 | -10.13064
C4 | -7.87126 | 10.30044 | -10.05123
C5 | -9.2452 | 9.95106 | -10.12869
C6 | -9.60878 | 8.68126 | -10.25496
O2 | -6.50963 | 7.01822 | -10.40303
O4 | -7.42927 | 11.44674 | -9.95812
BR | -10.43124 | 11.33338 | -10.02685
C1' | -9.14902 | 6.26245 | -10.35474
C2' | -10.41789 | 5.99818 | -9.56623
C3' | -10.88332 | 4.71926 | -10.22351
C4' | -10.5206 | 4.94302 | -11.69508
O3' | -10.08008 | 3.66642 | -9.70505
O4' | -9.45715 | 5.92541 | -11.69794
C5' | -11.66353 | 5.38754 | -12.57993
O5' | -12.33724 | 6.50073 | -12.00314
P | -13.69211 | 7.0667 | -12.63643
OP1 | -14.28177 | 6.01221 | -13.49961
OP2 | -14.48316 | 7.63671 | -11.52315
P | -4.72816 | -1.44795 | -8.00342
OP1 | -3.60954 | -2.20258 | -8.61653
OP2 | -5.81045 | -2.15966 | -7.31525
O5' | -4.11742 | -0.40164 | -6.97639
C5' | -2.90763 | 0.27961 | -7.29614
C4' | -2.37613 | 0.99737 | -6.08084
O4' | -3.19414 | 2.16163 | -5.79381
C3' | -2.3869 | 0.14314 | -4.81133
O3' | -1.31973 | 0.49175 | -3.94096
C2' | -3.65107 | 0.59853 | -4.11155
C1' | -3.65 | 2.07549 | -4.45085
N9 | -4.94923 | 2.73641 | -4.36746
C8 | -6.20251 | 2.16484 | -4.41431
N7 | -7.16693 | 3.04293 | -4.30846
C5 | -6.5056 | 4.25863 | -4.17993
C6 | -7.01326 | 5.56991 | -4.01585
O6 | -8.19347 | 5.93439 | -3.94628
N1 | -5.98142 | 6.50845 | -3.93403
C2 | -4.63311 | 6.21107 | -3.99916
N2 | -3.7756 | 7.23568 | -3.90532
N3 | -4.15985 | 4.99864 | -4.14413
C4 | -5.13857 | 4.07987 | -4.22354
