40
BRU_A_8-BRU_A_8-1p54.pdb
N1 | -5.22184 | 4.75519 | -4.3942
N1 | -5.22184 | 4.75519 | -4.3942
C2 | -3.84052 | 4.71337 | -4.428
C2 | -3.84052 | 4.71337 | -4.428
N3 | -3.22718 | 5.94139 | -4.41488
N3 | -3.22718 | 5.94139 | -4.41488
C4 | -3.85169 | 7.17639 | -4.41488
C4 | -3.85169 | 7.17639 | -4.41488
C5 | -5.27021 | 7.11684 | -4.42139
C5 | -5.27021 | 7.11684 | -4.42139
C6 | -5.89284 | 5.94517 | -4.41596
C6 | -5.89284 | 5.94517 | -4.41596
O2 | -3.21268 | 3.66398 | -4.48849
O2 | -3.21268 | 3.66398 | -4.48849
O4 | -3.17936 | 8.20847 | -4.44364
O4 | -3.17936 | 8.20847 | -4.44364
BR | -6.14027 | 8.72023 | -4.41988
BR | -6.14027 | 8.72023 | -4.41988
C1' | -5.94599 | 3.48449 | -4.29679
C1' | -5.94599 | 3.48449 | -4.29679
C2' | -7.20413 | 3.56183 | -3.45258
C2' | -7.20413 | 3.56183 | -3.45258
C3' | -7.95283 | 2.35599 | -3.97192
C3' | -7.95283 | 2.35599 | -3.97192
C4' | -7.62043 | 2.3689 | -5.46741
C4' | -7.62043 | 2.3689 | -5.46741
O3' | -7.36036 | 1.20801 | -3.37726
O3' | -7.36036 | 1.20801 | -3.37726
O4' | -6.37883 | 3.10287 | -5.59285
O4' | -6.37883 | 3.10287 | -5.59285
C5' | -8.68714 | 2.96335 | -6.35936
C5' | -8.68714 | 2.96335 | -6.35936
O5' | -9.08979 | 4.2391 | -5.87344
O5' | -9.08979 | 4.2391 | -5.87344
P | -10.327 | 5.01827 | -6.52093
P | -10.327 | 5.01827 | -6.52093
OP1 | -11.16048 | 4.03895 | -7.26321
OP1 | -11.16048 | 4.03895 | -7.26321
OP2 | -10.9313 | 5.83663 | -5.44614
OP2 | -10.9313 | 5.83663 | -5.44614
