39
BRU_B_18-DC_B_17-1p54.pdb
P | -4.33878 | -5.66644 | -16.37174
OP1 | -4.84559 | -7.05662 | -16.45668
OP2 | -5.2275 | -4.53267 | -16.72755
O5' | -3.73861 | -5.39941 | -14.92004
C5' | -3.44666 | -6.47497 | -14.03227
C4' | -2.55078 | -7.49038 | -14.70498
O4' | -1.34304 | -6.84873 | -15.18352
C3' | -2.09685 | -8.60367 | -13.76219
O3' | -2.14211 | -9.87925 | -14.39811
C2' | -0.66998 | -8.23284 | -13.42488
C1' | -0.2114 | -7.53501 | -14.68243
N1 | 0.85482 | -6.55327 | -14.45007
C2 | 2.16234 | -7.01426 | -14.36822
O2 | 2.36589 | -8.23111 | -14.45326
N3 | 3.17163 | -6.12891 | -14.19353
C4 | 2.90511 | -4.8271 | -14.088
N4 | 3.93511 | -3.99169 | -13.92874
C5 | 1.56991 | -4.32527 | -14.14413
C6 | 0.58243 | -5.21888 | -14.32429
N1 | 1.65242 | -9.72875 | -10.35107
C2 | 2.96438 | -9.29161 | -10.40263
N3 | 3.11861 | -7.93946 | -10.55933
C4 | 2.11524 | -7.00358 | -10.66486
C5 | 0.79154 | -7.53484 | -10.55972
C6 | 0.60743 | -8.84427 | -10.41132
O2 | 3.91155 | -10.04254 | -10.31136
O4 | 2.40069 | -5.853 | -10.97019
BR | -0.56947 | -6.31907 | -10.62983
C1' | 1.42991 | -11.17473 | -10.25376
C2' | 0.05341 | -11.58093 | -9.76364
C3' | -0.12613 | -12.93506 | -10.42593
C4' | 0.59016 | -12.75878 | -11.7629
O3' | 0.54927 | -13.94874 | -9.67743
O4' | 1.54612 | -11.69472 | -11.56304
C5' | -0.30001 | -12.45785 | -12.94735
O5' | -1.21822 | -11.41514 | -12.6287
P | -2.51588 | -11.17576 | -13.52173
OP1 | -2.67931 | -12.32525 | -14.44925
OP2 | -3.62981 | -10.79576 | -12.61579
