42
DA_A_3-DA_A_3-1p54.pdb
P | 2.71939 | -0.7819 | 11.89056
P | 2.71939 | -0.7819 | 11.89056
OP1 | 1.84121 | -0.90635 | 10.70638
OP1 | 1.84121 | -0.90635 | 10.70638
OP2 | 2.49432 | 0.31304 | 12.86191
OP2 | 2.49432 | 0.31304 | 12.86191
O5' | 2.73731 | -2.16458 | 12.66708
O5' | 2.73731 | -2.16458 | 12.66708
C5' | 3.1698 | -3.36018 | 12.02236
C5' | 3.1698 | -3.36018 | 12.02236
C4' | 4.12653 | -4.10623 | 12.92042
C4' | 4.12653 | -4.10623 | 12.92042
O4' | 5.33494 | -3.32316 | 13.08535
O4' | 5.33494 | -3.32316 | 13.08535
C3' | 3.58779 | -4.34613 | 14.32586
C3' | 3.58779 | -4.34613 | 14.32586
O3' | 4.02596 | -5.62483 | 14.78372
O3' | 4.02596 | -5.62483 | 14.78372
C2' | 4.18777 | -3.20499 | 15.13082
C2' | 4.18777 | -3.20499 | 15.13082
C1' | 5.52029 | -2.96591 | 14.45053
C1' | 5.52029 | -2.96591 | 14.45053
N9 | 5.97887 | -1.57502 | 14.48567
N9 | 5.97887 | -1.57502 | 14.48567
C8 | 5.20894 | -0.43862 | 14.51142
C8 | 5.20894 | -0.43862 | 14.51142
N7 | 5.9036 | 0.67417 | 14.51456
N7 | 5.9036 | 0.67417 | 14.51456
C5 | 7.22559 | 0.24148 | 14.4999
C5 | 7.22559 | 0.24148 | 14.4999
C6 | 8.45303 | 0.93886 | 14.49764
C6 | 8.45303 | 0.93886 | 14.49764
N6 | 8.55227 | 2.26932 | 14.48462
N6 | 8.55227 | 2.26932 | 14.48462
N1 | 9.59037 | 0.21154 | 14.50165
N1 | 9.59037 | 0.21154 | 14.50165
C2 | 9.49202 | -1.12575 | 14.49363
C2 | 9.49202 | -1.12575 | 14.49363
N3 | 8.39736 | -1.89777 | 14.48515
N3 | 8.39736 | -1.89777 | 14.48515
C4 | 7.28413 | -1.14287 | 14.48913
C4 | 7.28413 | -1.14287 | 14.48913
