41
DA_A_6-DT_B_15-1p54.pdb
P | -13.003 | -2.92473 | -2.22832
OP1 | -13.42979 | -3.23735 | -3.61354
OP2 | -13.7723 | -1.92368 | -1.44676
O5' | -12.76508 | -4.27774 | -1.41048
C5' | -12.11677 | -5.40312 | -2.02396
C4' | -11.21267 | -6.12369 | -1.04421
O4' | -9.96696 | -5.41418 | -0.84959
C3' | -11.79056 | -6.35 | 0.35575
O3' | -11.32491 | -7.6007 | 0.86657
C2' | -11.15752 | -5.23246 | 1.16076
C1' | -9.77336 | -5.15721 | 0.53717
N9 | -9.126 | -3.85595 | 0.65384
C8 | -9.704 | -2.609 | 0.70534
N7 | -8.83489 | -1.62233 | 0.75862
C5 | -7.60352 | -2.2653 | 0.74706
C6 | -6.27317 | -1.78382 | 0.76563
N6 | -5.94332 | -0.48045 | 0.7495
N1 | -5.28293 | -2.69442 | 0.78712
C2 | -5.60214 | -3.9982 | 0.74963
N3 | -6.80532 | -4.57501 | 0.69395
C4 | -7.773 | -3.64479 | 0.70409
P | 4.49633 | -0.97978 | 4.12503
OP1 | 5.80936 | -1.59157 | 4.40934
OP2 | 4.36116 | 0.01281 | 3.02053
O5' | 3.46628 | -2.17387 | 3.87496
C5' | 3.10809 | -3.04645 | 4.95038
C4' | 2.18103 | -4.13522 | 4.4653
O4' | 0.87982 | -3.59433 | 4.12783
C3' | 2.67495 | -4.8397 | 3.20892
O3' | 2.32389 | -6.21561 | 3.25609
C2' | 1.87908 | -4.17219 | 2.10994
C1' | 0.55083 | -3.99477 | 2.80817
N1 | -0.29916 | -2.9607 | 2.2211
C2 | -1.59427 | -3.28412 | 1.86828
O2 | -2.05565 | -4.40902 | 1.96433
N3 | -2.3306 | -2.23045 | 1.38788
C4 | -1.9062 | -0.92295 | 1.2213
O4 | -2.69723 | -0.07852 | 0.82966
C5 | -0.51744 | -0.67378 | 1.56711
C7 | 0.06111 | 0.69395 | 1.37639
C6 | 0.19835 | -1.69147 | 2.04743
