41
DA_A_3-BRU_B_18-1p54.pdb
P | -8.23402 | -2.39276 | -0.99711
OP1 | -7.44787 | -2.35434 | -2.24989
OP2 | -9.25986 | -1.35614 | -0.73988
O5' | -8.89949 | -3.82469 | -0.84941
C5' | -8.09826 | -5.00303 | -0.80778
C4' | -8.55776 | -5.89232 | 0.32203
O4' | -8.2992 | -5.2306 | 1.58534
C3' | -10.05311 | -6.18653 | 0.30164
O3' | -10.27266 | -7.52823 | 0.73564
C2' | -10.62499 | -5.16313 | 1.26898
C1' | -9.51488 | -4.99108 | 2.28566
N9 | -9.43116 | -3.65125 | 2.87212
C8 | -9.77736 | -2.45752 | 2.28901
N7 | -9.56763 | -1.41206 | 3.05313
C5 | -9.05616 | -1.95505 | 4.2273
C6 | -8.63198 | -1.36794 | 5.43904
N6 | -8.63227 | -0.05363 | 5.66859
N1 | -8.19444 | -2.18911 | 6.41721
C2 | -8.174 | -3.50876 | 6.1802
N3 | -8.53706 | -4.1807 | 5.07972
C4 | -8.97424 | -3.33481 | 4.12973
N1 | -5.92261 | -1.76603 | 10.82951
C2 | -6.44279 | -2.19817 | 9.62218
N3 | -6.7878 | -1.19998 | 8.74968
C4 | -6.66514 | 0.15461 | 8.95895
C5 | -6.08049 | 0.51303 | 10.21402
C6 | -5.73831 | -0.43245 | 11.08551
O2 | -6.58092 | -3.3708 | 9.34794
O4 | -7.17021 | 0.93124 | 8.15877
BR | -5.8396 | 2.29958 | 10.50654
C1' | -5.6011 | -2.79109 | 11.82737
C2' | -4.65119 | -2.3455 | 12.92241
C3' | -5.06766 | -3.2373 | 14.07815
C4' | -6.57516 | -3.37442 | 13.87746
O3' | -4.47143 | -4.5303 | 13.94912
O4' | -6.81254 | -3.12475 | 12.47484
C5' | -7.43385 | -2.469 | 14.73113
O5' | -6.95165 | -1.12866 | 14.67748
P | -7.398 | -0.06134 | 15.77308
OP1 | -8.09137 | -0.77039 | 16.87979
OP2 | -6.22802 | 0.80377 | 16.07091
