43
DA_A_6-DG_B_14-1p54.pdb
P | -0.50658 | 3.31713 | -17.27337
OP1 | -0.41168 | 4.65586 | -17.90385
OP2 | -1.7223 | 2.49681 | -17.50543
O5' | 0.83828 | 2.49283 | -17.53418
C5' | 2.12117 | 3.13314 | -17.44852
C4' | 3.15861 | 2.21543 | -16.83366
O4' | 3.01512 | 2.13842 | -15.39612
C3' | 3.15132 | 0.76843 | -17.33485
O3' | 4.49036 | 0.27085 | -17.37246
C2' | 2.3955 | 0.04182 | -16.24011
C1' | 2.87701 | 0.77791 | -15.00046
N9 | 1.94956 | 0.74227 | -13.87593
C8 | 0.57623 | 0.67028 | -13.89533
N7 | 0.02523 | 0.70923 | -12.70093
C5 | 1.11038 | 0.80768 | -11.8392
C6 | 1.20725 | 0.90816 | -10.43118
N6 | 0.1479 | 0.97894 | -9.6062
N1 | 2.44032 | 0.94827 | -9.89437
C2 | 3.50362 | 0.93178 | -10.71429
N3 | 3.54479 | 0.87664 | -12.04797
C4 | 2.30331 | 0.80727 | -12.55368
P | -1.20731 | -4.66238 | 1.1086
OP1 | -0.77628 | -5.13157 | 2.44274
OP2 | -2.31932 | -3.68677 | 0.98404
O5' | 0.06878 | -4.12087 | 0.32369
C5' | 1.13778 | -5.01197 | 0.074
C4' | 2.23629 | -4.34625 | -0.71639
O4' | 1.89448 | -4.27366 | -2.12141
C3' | 2.65451 | -2.94127 | -0.28415
O3' | 4.07908 | -2.93111 | -0.13676
C2' | 2.18531 | -2.0568 | -1.43194
C1' | 2.25633 | -3.0048 | -2.62535
N9 | 1.35586 | -2.70987 | -3.73224
C8 | 0.01792 | -2.4064 | -3.66432
N7 | -0.51861 | -2.19326 | -4.83723
C5 | 0.53118 | -2.36326 | -5.7352
C6 | 0.56486 | -2.24935 | -7.15844
O6 | -0.35598 | -1.98795 | -7.92697
N1 | 1.83825 | -2.49474 | -7.66532
C2 | 2.93802 | -2.82441 | -6.90526
N2 | 4.08731 | -3.03176 | -7.5727
N3 | 2.91642 | -2.94296 | -5.58482
C4 | 1.693 | -2.69326 | -5.07087
