42
DA_A_6-DA_A_6-1p54.pdb
P | -9.65584 | -5.08086 | -0.62441
P | -9.65584 | -5.08086 | -0.62441
OP1 | -10.05057 | -5.4783 | -1.99735
OP1 | -10.05057 | -5.4783 | -1.99735
OP2 | -10.56709 | -4.21294 | 0.16368
OP2 | -10.56709 | -4.21294 | 0.16368
O5' | -9.17866 | -6.36429 | 0.20096
O5' | -9.17866 | -6.36429 | 0.20096
C5' | -8.36259 | -7.37289 | -0.41539
C5' | -8.36259 | -7.37289 | -0.41539
C4' | -7.33181 | -7.91916 | 0.55188
C4' | -7.33181 | -7.91916 | 0.55188
O4' | -6.21931 | -7.00852 | 0.71357
O4' | -6.21931 | -7.00852 | 0.71357
C3' | -7.83663 | -8.22116 | 1.96574
C3' | -7.83663 | -8.22116 | 1.96574
O3' | -7.15803 | -9.3695 | 2.47842
O3' | -7.15803 | -9.3695 | 2.47842
C2' | -7.38477 | -7.00312 | 2.74671
C2' | -7.38477 | -7.00312 | 2.74671
C1' | -6.04506 | -6.705 | 2.09348
C1' | -6.04506 | -6.705 | 2.09348
N9 | -5.6231 | -5.31227 | 2.18425
N9 | -5.6231 | -5.31227 | 2.18425
C8 | -6.40103 | -4.17925 | 2.23614
C8 | -6.40103 | -4.17925 | 2.23614
N7 | -5.70893 | -3.0603 | 2.26184
N7 | -5.70893 | -3.0603 | 2.26184
C5 | -4.38759 | -3.48795 | 2.23045
C5 | -4.38759 | -3.48795 | 2.23045
C6 | -3.15678 | -2.79016 | 2.21651
C6 | -3.15678 | -2.79016 | 2.21651
N6 | -3.05066 | -1.45026 | 2.18117
N6 | -3.05066 | -1.45026 | 2.18117
N1 | -2.02756 | -3.5216 | 2.22576
N1 | -2.02756 | -3.5216 | 2.22576
C2 | -2.12415 | -4.86081 | 2.20726
C2 | -2.12415 | -4.86081 | 2.20726
N3 | -3.21433 | -5.63174 | 2.18234
N3 | -3.21433 | -5.63174 | 2.18234
C4 | -4.324 | -4.87677 | 2.20405
C4 | -4.324 | -4.87677 | 2.20405
