41
DA_A_6-DT_A_5-1p54.pdb
P | -5.21187 | 3.10143 | -6.32717
OP1 | -6.13089 | 3.12199 | -7.49164
OP2 | -5.13901 | 4.27263 | -5.42036
O5' | -5.58908 | 1.8152 | -5.47625
C5' | -5.64139 | 0.53875 | -6.11004
C4' | -5.92641 | -0.53453 | -5.08952
O4' | -4.73596 | -0.85588 | -4.33141
C3' | -6.99477 | -0.14586 | -4.06319
O3' | -7.7913 | -1.28635 | -3.77755
C2' | -6.17795 | 0.16931 | -2.82352
C1' | -5.09428 | -0.88006 | -2.9672
N1 | -3.89266 | -0.66377 | -2.15997
C2 | -3.24558 | -1.77545 | -1.68947
O2 | -3.58978 | -2.91207 | -1.97969
N3 | -2.17755 | -1.50942 | -0.87052
C4 | -1.70477 | -0.26306 | -0.50332
O4 | -0.75203 | -0.17509 | 0.26714
C5 | -2.41476 | 0.86126 | -1.07854
C7 | -1.95985 | 2.25391 | -0.77653
C6 | -3.45724 | 0.60309 | -1.86798
P | -9.23327 | -1.43257 | -4.45156
OP1 | -8.9839 | -1.50201 | -5.9116
OP2 | -10.05545 | -0.31913 | -3.91397
O5' | -9.71647 | -2.85733 | -3.91055
C5' | -9.10504 | -4.06854 | -4.38202
C4' | -8.96994 | -5.09006 | -3.27082
O4' | -7.86066 | -4.77981 | -2.39542
C3' | -10.1908 | -5.25247 | -2.36078
O3' | -10.30963 | -6.61985 | -1.96308
C2' | -9.81247 | -4.42656 | -1.14735
C1' | -8.31997 | -4.69766 | -1.05046
N9 | -7.55455 | -3.64625 | -0.39118
C8 | -7.80632 | -2.29471 | -0.35157
N7 | -6.88847 | -1.60182 | 0.28811
C5 | -5.97569 | -2.56416 | 0.70108
C6 | -4.75681 | -2.48204 | 1.41494
N6 | -4.19493 | -1.32831 | 1.81623
N1 | -4.12075 | -3.63451 | 1.69327
C2 | -4.64751 | -4.78744 | 1.25009
N3 | -5.76067 | -4.99379 | 0.54175
C4 | -6.38895 | -3.83143 | 0.30509
