41
DA_A_3-DT_A_5-1p54.pdb
P | -2.29468 | -0.81069 | -0.44306
OP1 | -1.49651 | 0.42031 | -0.63417
OP2 | -3.37424 | -0.83795 | 0.5703
O5' | -2.88919 | -1.26241 | -1.8422
C5' | -2.03041 | -1.5573 | -2.94116
C4' | -2.4582 | -2.85158 | -3.58947
O4' | -2.24831 | -3.94316 | -2.65939
C3' | -3.93656 | -2.89362 | -3.95791
O3' | -4.0937 | -3.60593 | -5.18455
C2' | -4.57059 | -3.61762 | -2.78147
C1' | -3.48276 | -4.57446 | -2.33803
N9 | -3.47339 | -4.859 | -0.901
C8 | -3.87204 | -4.0324 | 0.12011
N7 | -3.72418 | -4.55389 | 1.31471
C5 | -3.2002 | -5.81783 | 1.06374
C6 | -2.82053 | -6.87526 | 1.91851
N6 | -2.8895 | -6.81667 | 3.24965
N1 | -2.35409 | -8.00759 | 1.35033
C2 | -2.26463 | -8.06007 | 0.01342
N3 | -2.58033 | -7.12961 | -0.89704
C4 | -3.048 | -6.01948 | -0.29867
P | -7.91453 | -10.21363 | -6.60915
OP1 | -7.58128 | -11.21659 | -7.65032
OP2 | -8.89185 | -9.13763 | -6.90309
O5' | -8.41242 | -11.02766 | -5.34021
C5' | -7.59933 | -12.07014 | -4.80556
C4' | -8.23199 | -12.63111 | -3.55669
O4' | -8.01222 | -11.75317 | -2.42703
C3' | -9.74812 | -12.82119 | -3.66165
O3' | -10.10724 | -14.01728 | -2.98549
C2' | -10.29434 | -11.65488 | -2.85875
C1' | -9.24767 | -11.59524 | -1.76463
N1 | -9.2121 | -10.35412 | -0.98961
C2 | -8.86905 | -10.45099 | 0.33283
O2 | -8.52755 | -11.50435 | 0.85088
N3 | -8.93523 | -9.26943 | 1.02686
C4 | -9.29056 | -8.03144 | 0.52397
O4 | -9.33709 | -7.05935 | 1.27358
C5 | -9.59509 | -8.00397 | -0.89221
C7 | -9.95347 | -6.70658 | -1.54488
C6 | -9.53843 | -9.15321 | -1.56503
