40
DA_A_3-DC_A_2-1p54.pdb
P | -4.04102 | 0.03988 | 1.5969
OP1 | -2.9686 | -0.25012 | 0.61162
OP2 | -4.22574 | 1.42772 | 2.07316
O5' | -5.43208 | -0.47009 | 1.00059
C5' | -5.49836 | -1.63595 | 0.17368
C4' | -6.92323 | -2.1372 | 0.06334
O4' | -7.3923 | -2.69054 | 1.32432
C3' | -7.97246 | -1.10066 | -0.35631
O3' | -8.96077 | -1.75599 | -1.13998
C2' | -8.62704 | -0.74056 | 0.96147
C1' | -8.64726 | -2.09653 | 1.64373
N1 | -8.77312 | -2.05408 | 3.1029
C2 | -9.10123 | -3.231 | 3.78482
O2 | -9.33284 | -4.25953 | 3.13582
N3 | -9.17291 | -3.21583 | 5.12955
C4 | -8.96611 | -2.08066 | 5.79797
N4 | -9.06888 | -2.11586 | 7.13055
C5 | -8.65404 | -0.85841 | 5.12966
C6 | -8.5654 | -0.88999 | 3.79408
P | -9.35274 | -1.186 | -2.58151
OP1 | -8.0978 | -0.923 | -3.31969
OP2 | -10.32997 | -0.09206 | -2.37801
O5' | -10.09264 | -2.42153 | -3.24567
C5' | -9.45529 | -3.69341 | -3.33658
C4' | -10.40943 | -4.77481 | -2.89089
O4' | -10.69273 | -4.60886 | -1.4792
C3' | -11.75942 | -4.73074 | -3.59702
O3' | -12.21893 | -6.06447 | -3.81319
C2' | -12.63966 | -3.96472 | -2.62308
C1' | -12.07716 | -4.35271 | -1.27081
N9 | -12.18518 | -3.31068 | -0.24679
C8 | -12.1767 | -1.95018 | -0.4307
N7 | -12.2651 | -1.26264 | 0.68301
C5 | -12.3478 | -2.2384 | 1.67101
C6 | -12.4639 | -2.15995 | 3.07576
N6 | -12.49296 | -1.01285 | 3.75653
N1 | -12.54256 | -3.31716 | 3.76659
C2 | -12.49245 | -4.47106 | 3.08536
N3 | -12.37463 | -4.67556 | 1.76678
C4 | -12.30661 | -3.50428 | 1.10903
