40
DA_B_13-DC_B_12-1p54.pdb
P | -5.5825 | 5.1713 | 5.2997
OP1 | -4.35303 | 5.93641 | 4.96599
OP2 | -6.9166 | 5.82924 | 5.20635
O5' | -5.59213 | 3.89129 | 4.35665
C5' | -4.38364 | 3.41148 | 3.79318
C4' | -4.65088 | 2.16246 | 2.99087
O4' | -5.08668 | 1.10005 | 3.86112
C3' | -5.73609 | 2.28484 | 1.91903
O3' | -5.36824 | 1.39714 | 0.86491
C2' | -6.9529 | 1.69985 | 2.61255
C1' | -6.27394 | 0.5494 | 3.32049
N1 | -6.97623 | -0.16391 | 4.39025
C2 | -6.47031 | -1.40026 | 4.78409
O2 | -5.49333 | -1.86349 | 4.18429
N3 | -7.05961 | -2.06323 | 5.80996
C4 | -8.11724 | -1.53496 | 6.42111
N4 | -8.65265 | -2.21576 | 7.44143
C5 | -8.67139 | -0.28775 | 6.01989
C6 | -8.07836 | 0.35655 | 5.00495
P | -4.88647 | 1.97858 | -0.54317
OP1 | -3.84009 | 3.01881 | -0.33946
OP2 | -6.10826 | 2.30193 | -1.30241
O5' | -4.16035 | 0.7435 | -1.22195
C5' | -2.85683 | 0.36283 | -0.8114
C4' | -2.69835 | -1.13166 | -0.92619
O4' | -3.61766 | -1.76948 | -0.01528
C3' | -3.01505 | -1.70157 | -2.30366
O3' | -2.1356 | -2.79079 | -2.55742
C2' | -4.45591 | -2.15666 | -2.18395
C1' | -4.59014 | -2.53316 | -0.71677
N9 | -5.88583 | -2.18981 | -0.1358
C8 | -6.65241 | -1.08938 | -0.42693
N7 | -7.73486 | -0.99431 | 0.29566
C5 | -7.68676 | -2.11438 | 1.11353
C6 | -8.55088 | -2.58852 | 2.12005
N6 | -9.65487 | -1.94076 | 2.51495
N1 | -8.23106 | -3.75653 | 2.7228
C2 | -7.09757 | -4.38037 | 2.35285
N3 | -6.20151 | -4.02564 | 1.43494
C4 | -6.56258 | -2.87072 | 0.84264
