42
DA_B_13-DA_B_13-1p54.pdb
P | 3.35565 | 9.56771 | 0.38914
P | 3.35565 | 9.56771 | 0.38914
OP1 | 2.52819 | 9.29729 | -0.81943
OP1 | 2.52819 | 9.29729 | -0.81943
OP2 | 2.90553 | 10.55947 | 1.38291
OP2 | 2.90553 | 10.55947 | 1.38291
O5' | 3.56847 | 8.16931 | 1.10511
O5' | 3.56847 | 8.16931 | 1.10511
C5' | 3.79996 | 6.99827 | 0.3385
C5' | 3.79996 | 6.99827 | 0.3385
C4' | 4.71313 | 6.06439 | 1.09071
C4' | 4.71313 | 6.06439 | 1.09071
O4' | 5.99564 | 6.70299 | 1.2611
O4' | 5.99564 | 6.70299 | 1.2611
C3' | 4.23895 | 5.70274 | 2.49316
C3' | 4.23895 | 5.70274 | 2.49316
O3' | 4.60543 | 4.35469 | 2.76272
O3' | 4.60543 | 4.35469 | 2.76272
C2' | 4.97891 | 6.67755 | 3.38744
C2' | 4.97891 | 6.67755 | 3.38744
C1' | 6.27431 | 6.93881 | 2.63506
C1' | 6.27431 | 6.93881 | 2.63506
N9 | 6.7451 | 8.31834 | 2.73241
N9 | 6.7451 | 8.31834 | 2.73241
C8 | 5.97107 | 9.4508 | 2.77459
C8 | 5.97107 | 9.4508 | 2.77459
N7 | 6.65883 | 10.55969 | 2.78915
N7 | 6.65883 | 10.55969 | 2.78915
C5 | 7.97861 | 10.1314 | 2.76594
C5 | 7.97861 | 10.1314 | 2.76594
C6 | 9.20059 | 10.83234 | 2.75906
C6 | 9.20059 | 10.83234 | 2.75906
N6 | 9.28852 | 12.16869 | 2.7316
N6 | 9.28852 | 12.16869 | 2.7316
N1 | 10.34123 | 10.10521 | 2.76763
N1 | 10.34123 | 10.10521 | 2.76763
C2 | 10.24685 | 8.76296 | 2.7505
C2 | 10.24685 | 8.76296 | 2.7505
N3 | 9.16013 | 7.99469 | 2.74003
N3 | 9.16013 | 7.99469 | 2.74003
C4 | 8.04552 | 8.75135 | 2.75225
C4 | 8.04552 | 8.75135 | 2.75225
