43
DA_B_16-DG_A_4-1p54.pdb
P | 6.13645 | 6.39467 | 10.00548
OP1 | 6.49651 | 6.25368 | 11.42989
OP2 | 4.92108 | 7.16001 | 9.63314
O5' | 7.37642 | 7.02706 | 9.23522
C5' | 8.61953 | 6.34061 | 9.19208
C4' | 9.59115 | 7.06979 | 8.29701
O4' | 9.19514 | 6.91225 | 6.90808
C3' | 9.70384 | 8.57617 | 8.55452
O3' | 11.08308 | 8.94993 | 8.66573
C2' | 9.05497 | 9.19705 | 7.32859
C1' | 9.31804 | 8.15508 | 6.25352
N9 | 8.38385 | 8.1749 | 5.13303
C8 | 7.02538 | 8.35552 | 5.19145
N7 | 6.45652 | 8.37258 | 4.01766
C5 | 7.50148 | 8.17505 | 3.12723
C6 | 7.49793 | 8.09184 | 1.70812
O6 | 6.53936 | 8.1596 | 0.93725
N1 | 8.77494 | 7.89381 | 1.20237
C2 | 9.91302 | 7.77053 | 1.95889
N2 | 11.05274 | 7.58639 | 1.27242
N3 | 9.9322 | 7.82775 | 3.28611
C4 | 8.69796 | 8.03908 | 3.79927
P | 4.54804 | 12.78491 | -8.87806
OP1 | 4.83147 | 13.48049 | -10.15669
OP2 | 3.47579 | 11.75792 | -8.80866
O5' | 5.89114 | 12.12023 | -8.3492
C5' | 7.01747 | 12.92977 | -8.05489
C4' | 8.04915 | 12.13106 | -7.29863
O4' | 7.73087 | 12.06763 | -5.8906
C3' | 8.20024 | 10.68854 | -7.77056
O3' | 9.58633 | 10.37878 | -7.81015
C2' | 7.49586 | 9.88397 | -6.69003
C1' | 7.76917 | 10.72492 | -5.44968
N9 | 6.82561 | 10.60367 | -4.33471
C8 | 5.47361 | 10.3794 | -4.35297
N7 | 4.92277 | 10.36695 | -3.16084
C5 | 5.98554 | 10.59277 | -2.29937
C6 | 6.07431 | 10.68235 | -0.89221
N6 | 5.03103 | 10.59194 | -0.06563
N1 | 7.29888 | 10.87654 | -0.35662
C2 | 8.34819 | 10.9772 | -1.17282
N3 | 8.3915 | 10.92425 | -2.5024
C4 | 7.16495 | 10.72716 | -3.00903
