37
DA_B_13-DC_B_11-1p54.pdb
O5' | -6.01291 | 9.86355 | 4.23028
C5' | -5.16061 | 9.16777 | 5.13735
C4' | -4.17144 | 8.28617 | 4.41176
O4' | -3.51566 | 7.41468 | 5.36618
C3' | -4.80942 | 7.36591 | 3.36978
O3' | -3.89947 | 7.18331 | 2.27906
C2' | -5.02376 | 6.07221 | 4.13443
C1' | -3.8315 | 6.05331 | 5.08671
N1 | -4.10534 | 5.39193 | 6.36967
C2 | -3.71995 | 4.05667 | 6.54032
O2 | -3.15892 | 3.4683 | 5.60106
N3 | -3.96775 | 3.44528 | 7.72167
C4 | -4.57856 | 4.11406 | 8.70536
N4 | -4.8173 | 3.4688 | 9.84814
C5 | -4.97725 | 5.47155 | 8.55911
C6 | -4.72397 | 6.06665 | 7.38542
P | -6.3184 | 1.55903 | -2.52403
OP1 | -5.11146 | 2.19625 | -3.12047
OP2 | -7.65602 | 1.86826 | -3.06155
O5' | -6.07584 | -0.00615 | -2.5934
C5' | -4.79018 | -0.54559 | -2.33129
C4' | -4.924 | -1.89785 | -1.67914
O4' | -5.5696 | -1.73641 | -0.39897
C3' | -5.77739 | -2.896 | -2.4524
O3' | -5.22484 | -4.1956 | -2.27929
C2' | -7.14538 | -2.77518 | -1.81091
C1' | -6.83239 | -2.38891 | -0.37382
N9 | -7.78011 | -1.43726 | 0.20101
C8 | -8.41131 | -0.40841 | -0.45199
N7 | -9.1535 | 0.33273 | 0.32437
C5 | -9.01232 | -0.25229 | 1.57482
C6 | -9.54784 | 0.07203 | 2.83681
N6 | -10.3319 | 1.13527 | 3.05837
N1 | -9.23569 | -0.73436 | 3.87707
C2 | -8.41196 | -1.77552 | 3.65739
N3 | -7.83605 | -2.16991 | 2.5242
C4 | -8.18499 | -1.35696 | 1.50814
