41
DA_B_16-DT_B_15-1p54.pdb
P | -2.91071 | 4.48001 | 4.19419
OP1 | -2.07273 | 3.98959 | 5.30615
OP2 | -2.36216 | 4.51495 | 2.80808
O5' | -4.25046 | 3.61141 | 4.19747
C5' | -5.17731 | 3.73038 | 5.28053
C4' | -6.32786 | 2.76856 | 5.10369
O4' | -7.17212 | 3.16993 | 3.99656
C3' | -5.88781 | 1.34418 | 4.79345
O3' | -6.77412 | 0.41933 | 5.40802
C2' | -6.05618 | 1.25567 | 3.29326
C1' | -7.31688 | 2.0693 | 3.11466
N1 | -7.50226 | 2.59471 | 1.76336
C2 | -8.69314 | 2.34703 | 1.10999
O2 | -9.58481 | 1.65822 | 1.57683
N3 | -8.79539 | 2.9371 | -0.12474
C4 | -7.8446 | 3.72099 | -0.75634
O4 | -8.10195 | 4.22388 | -1.83942
C5 | -6.60016 | 3.89328 | -0.02697
C7 | -5.48316 | 4.67953 | -0.64008
C6 | -6.50117 | 3.33323 | 1.17939
P | -6.26242 | -1.06822 | 5.71143
OP1 | -6.66855 | -1.3702 | 7.10532
OP2 | -4.83662 | -1.18356 | 5.30769
O5' | -7.12083 | -1.9686 | 4.72255
C5' | -8.53374 | -1.85142 | 4.6993
C4' | -9.09577 | -2.56863 | 3.49765
O4' | -9.01131 | -1.74648 | 2.3124
C3' | -8.3947 | -3.88082 | 3.16142
O3' | -9.38801 | -4.84038 | 2.82772
C2' | -7.5484 | -3.5324 | 1.94758
C1' | -8.40769 | -2.47706 | 1.26329
N9 | -7.7241 | -1.51328 | 0.39611
C8 | -6.47082 | -0.97003 | 0.50888
N7 | -6.18512 | -0.09813 | -0.43076
C5 | -7.32588 | -0.07006 | -1.21849
C6 | -7.66254 | 0.64455 | -2.38981
N6 | -6.86738 | 1.5386 | -2.97993
N1 | -8.87243 | 0.40416 | -2.9398
C2 | -9.6796 | -0.48081 | -2.3544
N3 | -9.48468 | -1.20064 | -1.25154
C4 | -8.27603 | -0.94683 | -0.72742
