41
DA_B_16-DT_A_5-1p54.pdb
P | 4.31512 | -6.00737 | -12.12334
OP1 | 4.80194 | -7.19361 | -12.86957
OP2 | 4.51566 | -4.64792 | -12.68105
O5' | 2.76421 | -6.23636 | -11.87236
C5' | 2.31805 | -7.44485 | -11.26061
C4' | 0.82658 | -7.39457 | -11.0425
O4' | 0.49997 | -6.58118 | -9.89058
C3' | 0.0477 | -6.80048 | -12.21988
O3' | -1.16742 | -7.51916 | -12.37395
C2' | -0.29906 | -5.40636 | -11.73053
C1' | -0.54502 | -5.7114 | -10.26676
N1 | -0.54193 | -4.55472 | -9.36989
C2 | -1.38371 | -4.59688 | -8.29029
O2 | -2.06237 | -5.5772 | -8.02012
N3 | -1.39944 | -3.45189 | -7.53472
C4 | -0.65638 | -2.306 | -7.75061
O4 | -0.79669 | -1.33907 | -7.00603
C5 | 0.24292 | -2.3573 | -8.88537
C7 | 1.12117 | -1.18393 | -9.18452
C6 | 0.25264 | -3.4667 | -9.62415
P | -10.81731 | -2.20568 | -0.50204
OP1 | -12.24672 | -2.54388 | -0.29841
OP2 | -10.08121 | -1.42451 | 0.52615
O5' | -10.00695 | -3.5474 | -0.76386
C5' | -10.32607 | -4.36532 | -1.8773
C4' | -9.25036 | -5.40113 | -2.08752
O4' | -8.13103 | -4.85059 | -2.81683
C3' | -8.6786 | -5.98678 | -0.80047
O3' | -8.53189 | -7.38869 | -0.97916
C2' | -7.32238 | -5.31193 | -0.67301
C1' | -6.92643 | -5.13377 | -2.1331
N9 | -5.98228 | -4.05741 | -2.44645
C8 | -5.82789 | -2.8297 | -1.85702
N7 | -4.9021 | -2.08581 | -2.41764
C5 | -4.41008 | -2.88033 | -3.44198
C6 | -3.39742 | -2.67966 | -4.40648
N6 | -2.69126 | -1.5548 | -4.53256
N1 | -3.13598 | -3.69677 | -5.25574
C2 | -3.84096 | -4.82291 | -5.14535
N3 | -4.82047 | -5.12574 | -4.29605
C4 | -5.05793 | -4.10203 | -3.46205
