41
DA_B_13-DT_B_15-1p54.pdb
P | -7.94384 | -1.82729 | 2.52665
OP1 | -8.29573 | -1.21935 | 3.84007
OP2 | -8.74151 | -1.50582 | 1.32909
O5' | -6.42539 | -1.45905 | 2.25805
C5' | -5.48395 | -1.47678 | 3.31916
C4' | -4.13208 | -1.89381 | 2.7992
O4' | -4.21924 | -3.24685 | 2.30585
C3' | -3.61262 | -1.05915 | 1.63471
O3' | -2.20013 | -0.9396 | 1.75643
C2' | -4.00692 | -1.86156 | 0.41071
C1' | -3.98461 | -3.29955 | 0.90471
N9 | -5.04097 | -4.13446 | 0.33793
C8 | -6.32095 | -3.74619 | 0.03095
N7 | -7.07887 | -4.7184 | -0.3971
C5 | -6.23982 | -5.82366 | -0.38266
C6 | -6.4495 | -7.17496 | -0.7212
N6 | -7.63178 | -7.66537 | -1.11621
N1 | -5.39494 | -8.01676 | -0.6258
C2 | -4.22096 | -7.52758 | -0.18612
N3 | -3.90796 | -6.28551 | 0.17528
C4 | -4.97483 | -5.47266 | 0.04838
P | 2.55401 | -4.31883 | -3.47461
OP1 | 4.01008 | -4.3775 | -3.23888
OP2 | 1.98916 | -3.28576 | -4.38957
O5' | 2.10245 | -5.76282 | -3.98488
C5' | 2.16781 | -6.88618 | -3.1017
C4' | 1.75973 | -8.15076 | -3.81896
O4' | 0.34217 | -8.14081 | -4.119
C3' | 2.46415 | -8.34686 | -5.15466
O3' | 2.7143 | -9.72853 | -5.37139
C2' | 1.43235 | -7.87669 | -6.15519
C1' | 0.17013 | -8.39206 | -5.50369
N1 | -1.04761 | -7.7105 | -5.93846
C2 | -2.10304 | -8.4671 | -6.40754
O2 | -2.05558 | -9.67891 | -6.53694
N3 | -3.22235 | -7.74085 | -6.72831
C4 | -3.38093 | -6.36826 | -6.63746
O4 | -4.46104 | -5.8676 | -6.91109
C5 | -2.20979 | -5.63819 | -6.18386
C7 | -2.25362 | -4.14402 | -6.09829
C6 | -1.12404 | -6.34074 | -5.85776
