42
DA_B_16-DA_B_16-1p54.pdb
P | 1.90383 | -7.60242 | -9.4364
P | 1.90383 | -7.60242 | -9.4364
OP1 | 1.07913 | -8.60113 | -10.15854
OP1 | 1.07913 | -8.60113 | -10.15854
OP2 | 1.25528 | -6.59191 | -8.56032
OP2 | 1.25528 | -6.59191 | -8.56032
O5' | 2.99204 | -8.36953 | -8.56877
O5' | 2.99204 | -8.36953 | -8.56877
C5' | 3.94592 | -9.20604 | -9.20197
C5' | 3.94592 | -9.20604 | -9.20197
C4' | 5.03788 | -9.57829 | -8.23073
C4' | 5.03788 | -9.57829 | -8.23073
O4' | 6.02765 | -8.53027 | -8.1314
O4' | 6.02765 | -8.53027 | -8.1314
C3' | 4.55321 | -9.84787 | -6.80988
C3' | 4.55321 | -9.84787 | -6.80988
O3' | 5.23524 | -10.99386 | -6.31964
O3' | 5.23524 | -10.99386 | -6.31964
C2' | 4.97159 | -8.60094 | -6.04755
C2' | 4.97159 | -8.60094 | -6.04755
C1' | 6.25251 | -8.20938 | -6.77302
C1' | 6.25251 | -8.20938 | -6.77302
N9 | 6.65233 | -6.80042 | -6.71689
N9 | 6.65233 | -6.80042 | -6.71689
C8 | 5.87615 | -5.67147 | -6.67746
C8 | 5.87615 | -5.67147 | -6.67746
N7 | 6.56642 | -4.55422 | -6.67192
N7 | 6.56642 | -4.55422 | -6.67192
C5 | 7.88658 | -4.977 | -6.70421
C5 | 7.88658 | -4.977 | -6.70421
C6 | 9.1151 | -4.27932 | -6.70168
C6 | 9.1151 | -4.27932 | -6.70168
N6 | 9.22483 | -2.94974 | -6.70568
N6 | 9.22483 | -2.94974 | -6.70568
N1 | 10.24842 | -5.01397 | -6.69931
N1 | 10.24842 | -5.01397 | -6.69931
C2 | 10.15183 | -6.34363 | -6.70405
C2 | 10.15183 | -6.34363 | -6.70405
N3 | 9.06392 | -7.11086 | -6.72073
N3 | 9.06392 | -7.11086 | -6.72073
C4 | 7.95324 | -6.35831 | -6.71886
C4 | 7.95324 | -6.35831 | -6.71886
