40
DA_B_16-DC_B_17-1p54.pdb
P | -9.97327 | -0.81486 | 3.34988
OP1 | -10.84585 | -0.49851 | 4.50641
OP2 | -8.9358 | 0.15451 | 2.9103
O5' | -9.25425 | -2.20652 | 3.61772
C5' | -10.0255 | -3.38307 | 3.79519
C4' | -9.13839 | -4.60107 | 3.73402
O4' | -8.87286 | -4.98525 | 2.36663
C3' | -7.77891 | -4.42539 | 4.40287
O3' | -7.4922 | -5.60615 | 5.13933
C2' | -6.82217 | -4.27161 | 3.23154
C1' | -7.4817 | -5.14911 | 2.17543
N9 | -7.194 | -4.84166 | 0.77155
C8 | -6.96064 | -3.63208 | 0.17072
N7 | -6.77376 | -3.71259 | -1.12672
C5 | -6.88621 | -5.06793 | -1.39697
C6 | -6.77645 | -5.81829 | -2.58899
N6 | -6.5591 | -5.2883 | -3.79387
N1 | -6.90542 | -7.1594 | -2.49469
C2 | -7.1315 | -7.70021 | -1.29728
N3 | -7.26789 | -7.10482 | -0.11434
C4 | -7.13192 | -5.77551 | -0.23438
P | -6.65249 | -5.50183 | 6.49073
OP1 | -6.80074 | -6.8021 | 7.18645
OP2 | -7.04601 | -4.24685 | 7.17775
O5' | -5.15747 | -5.33996 | 5.96382
C5' | -4.27365 | -6.45549 | 5.8954
C4' | -4.90305 | -7.58413 | 5.1104
O4' | -5.28336 | -7.12112 | 3.79119
C3' | -3.95388 | -8.76121 | 4.89156
O3' | -4.61726 | -10.01003 | 5.07569
C2' | -3.51078 | -8.6063 | 3.45388
C1' | -4.71895 | -7.97042 | 2.80995
N1 | -4.39313 | -7.15743 | 1.63202
C2 | -4.23006 | -7.80536 | 0.41447
O2 | -4.32553 | -9.03798 | 0.38405
N3 | -3.96768 | -7.07883 | -0.69743
C4 | -3.85442 | -5.75317 | -0.61571
N4 | -3.607 | -5.07891 | -1.74192
C5 | -3.99293 | -5.06105 | 0.62506
C6 | -4.25943 | -5.79889 | 1.71625
