41
DA_B_16-BRU_B_18-1p54.pdb
P | -12.61978 | -1.06366 | 1.97335
OP1 | -13.66069 | -0.61044 | 2.92737
OP2 | -11.7657 | -0.06937 | 1.27251
O5' | -11.65992 | -2.09089 | 2.71423
C5' | -12.18329 | -3.29651 | 3.24636
C4' | -11.06023 | -4.22894 | 3.62525
O4' | -10.57195 | -4.95283 | 2.47396
C3' | -9.84916 | -3.53873 | 4.24438
O3' | -9.40486 | -4.32464 | 5.34153
C2' | -8.82298 | -3.54471 | 3.12281
C1' | -9.16484 | -4.83951 | 2.39687
N9 | -8.79539 | -4.93378 | 0.98167
C8 | -8.75519 | -3.95717 | 0.02086
N7 | -8.41441 | -4.39804 | -1.16836
C5 | -8.21111 | -5.75603 | -0.97561
C6 | -7.81701 | -6.79748 | -1.84513
N6 | -7.58422 | -6.64059 | -3.14937
N1 | -7.67273 | -8.03093 | -1.31418
C2 | -7.91093 | -8.20216 | -0.01367
N3 | -8.29756 | -7.31229 | 0.89797
C4 | -8.42975 | -6.09621 | 0.34694
N1 | -1.02841 | -8.23005 | 3.87136
C2 | -0.88208 | -8.4277 | 2.50956
N3 | -1.23217 | -7.35834 | 1.72818
C4 | -1.70067 | -6.13973 | 2.1632
C5 | -1.78172 | -6.00558 | 3.58479
C6 | -1.45309 | -7.02703 | 4.37167
O2 | -0.4705 | -9.46502 | 2.03634
O4 | -2.13246 | -5.33847 | 1.34462
BR | -2.33768 | -4.38126 | 4.20758
C1' | -0.7336 | -9.36614 | 4.75014
C2' | -0.47599 | -9.00592 | 6.20061
C3' | -0.91987 | -10.26765 | 6.91861
C4' | -2.09034 | -10.75184 | 6.06584
O3' | 0.11375 | -11.25446 | 6.87595
O4' | -1.88228 | -10.18995 | 4.75168
C5' | -3.46655 | -10.39888 | 6.58288
O5' | -3.52704 | -9.01975 | 6.93817
P | -4.69604 | -8.47317 | 7.87274
OP1 | -5.42708 | -9.62939 | 8.45332
OP2 | -4.11789 | -7.44083 | 8.77051
