38
DC_A_2-DC_A_2-1p54.pdb
P | 4.79172 | -2.26141 | 12.8595
P | 4.79172 | -2.26141 | 12.8595
OP1 | 4.31974 | -3.20572 | 11.81525
OP1 | 4.31974 | -3.20572 | 11.81525
OP2 | 3.89368 | -1.1753 | 13.30773
OP2 | 3.89368 | -1.1753 | 13.30773
O5' | 5.23462 | -3.10163 | 14.14346
O5' | 5.23462 | -3.10163 | 14.14346
C5' | 5.82856 | -4.39656 | 14.01009
C5' | 5.82856 | -4.39656 | 14.01009
C4' | 6.50934 | -4.8116 | 15.29772
C4' | 6.50934 | -4.8116 | 15.29772
O4' | 7.69622 | -4.01066 | 15.55478
O4' | 7.69622 | -4.01066 | 15.55478
C3' | 5.65843 | -4.7214 | 16.5702
C3' | 5.65843 | -4.7214 | 16.5702
O3' | 6.04423 | -5.7753 | 17.44244
O3' | 6.04423 | -5.7753 | 17.44244
C2' | 6.14259 | -3.4321 | 17.20105
C2' | 6.14259 | -3.4321 | 17.20105
C1' | 7.6256 | -3.50552 | 16.88507
C1' | 7.6256 | -3.50552 | 16.88507
N1 | 8.33148 | -2.22212 | 16.92325
N1 | 8.33148 | -2.22212 | 16.92325
C2 | 9.7305 | -2.22371 | 16.94587
C2 | 9.7305 | -2.22371 | 16.94587
O2 | 10.33176 | -3.30496 | 16.99176
O2 | 10.33176 | -3.30496 | 16.99176
N3 | 10.39155 | -1.05046 | 16.93272
N3 | 10.39155 | -1.05046 | 16.93272
C4 | 9.7152 | 0.09877 | 16.93272
C4 | 9.7152 | 0.09877 | 16.93272
N4 | 10.41962 | 1.23512 | 16.93981
N4 | 10.41962 | 1.23512 | 16.93981
C5 | 8.28808 | 0.13363 | 16.93463
C5 | 8.28808 | 0.13363 | 16.93463
C6 | 7.64165 | -1.03886 | 16.92712
C6 | 7.64165 | -1.03886 | 16.92712
