38
DC_A_2-DC_B_17-1p54.pdb
P | 5.9305 | -6.51052 | -1.06944
OP1 | 6.2586 | -5.51181 | -2.1182
OP2 | 4.52005 | -6.90688 | -0.86805
O5' | 6.78438 | -7.83274 | -1.34023
C5' | 8.10326 | -7.76067 | -1.89045
C4' | 8.84303 | -9.06657 | -1.68786
O4' | 9.16213 | -9.2859 | -0.28558
C3' | 8.11649 | -10.33319 | -2.15605
O3' | 9.08673 | -11.2542 | -2.63641
C2' | 7.57651 | -10.90272 | -0.86039
C1' | 8.72471 | -10.59089 | 0.08246
N1 | 8.37049 | -10.56875 | 1.50403
C2 | 9.39742 | -10.59174 | 2.45413
O2 | 10.5709 | -10.68865 | 2.07166
N3 | 9.08671 | -10.52349 | 3.76274
C4 | 7.81053 | -10.46919 | 4.1456
N4 | 7.55603 | -10.42291 | 5.45733
C5 | 6.73961 | -10.46912 | 3.20164
C6 | 7.0612 | -10.51671 | 1.90281
P | 3.81215 | -18.73592 | 11.51413
OP1 | 4.79906 | -18.78426 | 12.61883
OP2 | 2.38693 | -19.05036 | 11.78195
O5' | 3.88732 | -17.32066 | 10.7859
C5' | 4.99124 | -16.44307 | 10.98939
C4' | 6.29502 | -17.15678 | 10.71194
O4' | 6.28692 | -17.70425 | 9.37046
C3' | 7.50945 | -16.23281 | 10.78768
O3' | 8.60123 | -16.85706 | 11.45988
C2' | 7.85948 | -15.97576 | 9.339
C1' | 7.4343 | -17.26081 | 8.67076
N1 | 7.07365 | -17.09297 | 7.25783
C2 | 8.09658 | -17.07915 | 6.31853
O2 | 9.26438 | -17.16722 | 6.71588
N3 | 7.79309 | -16.96518 | 5.00402
C4 | 6.52113 | -16.85379 | 4.62117
N4 | 6.27115 | -16.75602 | 3.31268
C5 | 5.44967 | -16.84069 | 5.56431
C6 | 5.77059 | -16.96126 | 6.86378
