38
DC_A_1-DG_B_20-1p54.pdb
O5' | -0.15381 | 2.11471 | 20.74999
C5' | 1.04795 | 1.52619 | 21.26941
C4' | 1.90193 | 1.01747 | 20.13117
O4' | 2.06048 | 2.0776 | 19.16431
C3' | 3.31675 | 0.59952 | 20.51471
O3' | 3.75928 | -0.45159 | 19.64389
C2' | 4.11415 | 1.87811 | 20.31553
C1' | 3.39591 | 2.55749 | 19.1493
N1 | 3.31848 | 4.02624 | 19.22562
C2 | 4.48232 | 4.7824 | 19.0896
O2 | 5.55228 | 4.19857 | 18.89264
N3 | 4.40769 | 6.13321 | 19.16906
C4 | 3.23048 | 6.72491 | 19.35847
N4 | 3.19773 | 8.05357 | 19.40723
C5 | 2.02498 | 5.97737 | 19.49529
C6 | 2.11493 | 4.64522 | 19.42397
P | 11.45965 | 13.74433 | 20.49102
OP1 | 12.4442 | 14.65662 | 21.13334
OP2 | 10.49162 | 14.28034 | 19.50069
O5' | 12.26087 | 12.5252 | 19.84677
C5' | 13.25854 | 11.82449 | 20.58854
C4' | 13.40991 | 10.41788 | 20.0598
O4' | 12.10614 | 9.78679 | 20.12125
C3' | 13.83752 | 10.33067 | 18.59414
O3' | 14.50055 | 9.093 | 18.31426
C2' | 12.50809 | 10.30252 | 17.86178
C1' | 11.63579 | 9.49564 | 18.81107
N9 | 10.2176 | 9.83665 | 18.7588
C8 | 9.68094 | 11.08619 | 18.58161
N7 | 8.37834 | 11.08628 | 18.56381
C5 | 8.02912 | 9.75498 | 18.74355
C6 | 6.74289 | 9.13322 | 18.81536
O6 | 5.61985 | 9.65887 | 18.7371
N1 | 6.85217 | 7.75955 | 19.00638
C2 | 8.03348 | 7.07299 | 19.12008
N2 | 7.93156 | 5.75584 | 19.3011
N3 | 9.22963 | 7.63609 | 19.0609
C4 | 9.15361 | 8.96962 | 18.87149
