32
DC_A_1-DC_A_1-1p54.pdb
O5' | 4.77207 | 4.09732 | 20.58127
O5' | 4.77207 | 4.09732 | 20.58127
C5' | 5.40364 | 3.018 | 21.28593
C5' | 5.40364 | 3.018 | 21.28593
C4' | 5.93956 | 2.0068 | 20.29904
C4' | 5.93956 | 2.0068 | 20.29904
O4' | 6.73871 | 2.70002 | 19.31687
O4' | 6.73871 | 2.70002 | 19.31687
C3' | 6.85405 | 0.94052 | 20.89083
C3' | 6.85405 | 0.94052 | 20.89083
O3' | 6.72673 | -0.27337 | 20.13634
O3' | 6.72673 | -0.27337 | 20.13634
C2' | 8.23485 | 1.55919 | 20.74611
C2' | 8.23485 | 1.55919 | 20.74611
C1' | 8.11407 | 2.38253 | 19.46353
C1' | 8.11407 | 2.38253 | 19.46353
N1 | 8.84562 | 3.66076 | 19.46323
N1 | 8.84562 | 3.66076 | 19.46323
C2 | 10.24014 | 3.6529 | 19.45439
C2 | 10.24014 | 3.6529 | 19.45439
O2 | 10.82948 | 2.56817 | 19.43188
O2 | 10.82948 | 2.56817 | 19.43188
N3 | 10.90926 | 4.83136 | 19.46282
N3 | 10.90926 | 4.83136 | 19.46282
C4 | 10.23563 | 5.97941 | 19.46282
C4 | 10.23563 | 5.97941 | 19.46282
N4 | 10.9303 | 7.11342 | 19.44759
N4 | 10.9303 | 7.11342 | 19.44759
C5 | 8.81107 | 6.01694 | 19.46638
C5 | 8.81107 | 6.01694 | 19.46638
C6 | 8.16416 | 4.84677 | 19.46727
C6 | 8.16416 | 4.84677 | 19.46727
