38
DC_A_1-DG_B_19-1p54.pdb
O5' | 1.58532 | 0.67021 | 17.46748
C5' | 2.43248 | -0.37191 | 17.97413
C4' | 3.05327 | -1.13102 | 16.82432
O4' | 3.65691 | -0.18294 | 15.91845
C3' | 4.16866 | -2.09654 | 17.20793
O3' | 4.18625 | -3.19873 | 16.28931
C2' | 5.41682 | -1.23709 | 17.09069
C1' | 5.07248 | -0.27788 | 15.95103
N1 | 5.58502 | 1.09424 | 16.10477
C2 | 6.95807 | 1.32607 | 16.02855
O2 | 7.71246 | 0.37157 | 15.81804
N3 | 7.42599 | 2.58897 | 16.17914
C4 | 6.57676 | 3.59395 | 16.38078
N4 | 7.07534 | 4.82112 | 16.50022
C5 | 5.16896 | 3.38666 | 16.45759
C6 | 4.72223 | 2.13435 | 16.31637
P | 11.40433 | 9.58426 | 21.29539
OP1 | 11.658 | 10.17472 | 22.6274
OP2 | 10.6738 | 10.37166 | 20.27457
O5' | 12.80844 | 9.13451 | 20.70445
C5' | 13.77321 | 8.4759 | 21.52617
C4' | 14.25966 | 7.21352 | 20.85174
O4' | 13.15573 | 6.29528 | 20.73832
C3' | 14.7722 | 7.38861 | 19.42498
O3' | 15.75808 | 6.38527 | 19.13618
C2' | 13.53097 | 7.13436 | 18.59342
C1' | 12.9072 | 6.00489 | 19.3709
N9 | 11.47154 | 5.81993 | 19.22391
C8 | 10.50482 | 6.77158 | 18.99724
N7 | 9.29756 | 6.28101 | 19.02342
C5 | 9.48556 | 4.92532 | 19.26849
C6 | 8.54799 | 3.88054 | 19.44142
O6 | 7.32932 | 3.94533 | 19.46011
N1 | 9.17214 | 2.6578 | 19.63314
C2 | 10.52577 | 2.46154 | 19.67698
N2 | 10.94038 | 1.1943 | 19.85624
N3 | 11.40892 | 3.42836 | 19.55268
C4 | 10.82125 | 4.62619 | 19.35105
