38
DC_A_7-DC_A_7-1p54.pdb
P | -10.80443 | -0.70875 | 2.47582
P | -10.80443 | -0.70875 | 2.47582
OP1 | -11.72976 | -1.73793 | 3.02649
OP1 | -11.72976 | -1.73793 | 3.02649
OP2 | -9.91653 | 0.03034 | 3.39513
OP2 | -9.91653 | 0.03034 | 3.39513
O5' | -9.88372 | -1.42598 | 1.3963
O5' | -9.88372 | -1.42598 | 1.3963
C5' | -10.45663 | -2.22796 | 0.37902
C5' | -10.45663 | -2.22796 | 0.37902
C4' | -9.42355 | -3.18689 | -0.14356
C4' | -9.42355 | -3.18689 | -0.14356
O4' | -8.44278 | -2.40957 | -0.87643
O4' | -8.44278 | -2.40957 | -0.87643
C3' | -8.66868 | -3.90787 | 0.97717
C3' | -8.66868 | -3.90787 | 0.97717
O3' | -8.48476 | -5.28778 | 0.66662
O3' | -8.48476 | -5.28778 | 0.66662
C2' | -7.33992 | -3.18002 | 1.05563
C2' | -7.33992 | -3.18002 | 1.05563
C1' | -7.14746 | -2.60532 | -0.34299
C1' | -7.14746 | -2.60532 | -0.34299
N1 | -6.44266 | -1.30194 | -0.3662
N1 | -6.44266 | -1.30194 | -0.3662
C2 | -5.04588 | -1.30437 | -0.36924
C2 | -5.04588 | -1.30437 | -0.36924
O2 | -4.45807 | -2.39192 | -0.36967
O2 | -4.45807 | -2.39192 | -0.36967
N3 | -4.37788 | -0.12813 | -0.37297
N3 | -4.37788 | -0.12813 | -0.37297
C4 | -5.0554 | 1.02415 | -0.37297
C4 | -5.0554 | 1.02415 | -0.37297
N4 | -4.34933 | 2.1678 | -0.36464
N4 | -4.34933 | 2.1678 | -0.36464
C5 | -6.48135 | 1.05858 | -0.37875
C5 | -6.48135 | 1.05858 | -0.37875
C6 | -7.12869 | -0.11709 | -0.37768
C6 | -7.12869 | -0.11709 | -0.37768
