41
DC_A_2-DG_B_19-1p54.pdb
P | 2.24057 | -2.81172 | 12.73642
OP1 | 2.17594 | -3.78817 | 11.61958
OP2 | 0.98996 | -2.41136 | 13.41666
O5' | 3.25109 | -3.36759 | 13.8412
C5' | 4.40506 | -4.12827 | 13.47089
C4' | 5.39325 | -4.19916 | 14.61638
O4' | 6.00932 | -2.90575 | 14.86907
C3' | 4.83123 | -4.66686 | 15.96426
O3' | 5.84146 | -5.40506 | 16.63869
C2' | 4.6613 | -3.3657 | 16.72109
C1' | 5.89335 | -2.60943 | 16.2578
N1 | 5.81997 | -1.15386 | 16.4086
C2 | 6.99685 | -0.40532 | 16.2971
O2 | 8.07317 | -0.99461 | 16.1328
N3 | 6.93547 | 0.93705 | 16.38609
C4 | 5.76783 | 1.54004 | 16.61234
N4 | 5.76525 | 2.87332 | 16.71195
C5 | 4.55383 | 0.80272 | 16.75538
C6 | 4.62384 | -0.52976 | 16.64474
P | 14.15598 | 7.8201 | 17.56372
OP1 | 14.54982 | 8.29579 | 18.90755
OP2 | 13.81331 | 8.8056 | 16.51153
O5' | 15.32033 | 6.87601 | 17.03837
C5' | 15.93684 | 5.92096 | 17.90299
C4' | 15.95333 | 4.55808 | 17.24924
O4' | 14.59493 | 4.10926 | 17.08194
C3' | 16.55732 | 4.51047 | 15.84856
O3' | 17.11584 | 3.21034 | 15.60407
C2' | 15.34812 | 4.71857 | 14.959
C1' | 14.31804 | 3.9101 | 15.70369
N9 | 12.92335 | 4.26459 | 15.48897
C8 | 12.38652 | 5.50179 | 15.21933
N7 | 11.08357 | 5.4907 | 15.18761
C5 | 10.74759 | 4.16493 | 15.4381
C6 | 9.48427 | 3.54157 | 15.56436
O6 | 8.37573 | 4.05084 | 15.52591
N1 | 9.60465 | 2.17797 | 15.78236
C2 | 10.78727 | 1.49774 | 15.88931
N2 | 10.69724 | 0.16974 | 16.08492
N3 | 11.96917 | 2.06941 | 15.80889
C4 | 11.87392 | 3.39627 | 15.58264
