39
DC_A_7-DT_A_5-1p54.pdb
P | -1.21095 | 1.17012 | -1.08375
OP1 | -0.28583 | 0.9653 | -2.22534
OP2 | -2.67446 | 1.03745 | -1.2834
O5' | -0.75405 | 0.1623 | 0.0548
C5' | 0.60382 | 0.15669 | 0.49058
C4' | 0.77621 | -0.81072 | 1.6347
O4' | 0.28409 | -0.24153 | 2.87124
C3' | 0.02814 | -2.13378 | 1.4457
O3' | 0.82968 | -3.18951 | 1.95534
C2' | -1.17175 | -1.98096 | 2.36232
C1' | -0.52104 | -1.21622 | 3.49718
N1 | -1.44049 | -0.54747 | 4.41896
C2 | -1.0612 | -0.46545 | 5.73248
O2 | 0.02637 | -0.85625 | 6.13129
N3 | -1.99874 | 0.09506 | 6.56254
C4 | -3.24187 | 0.58039 | 6.20078
O4 | -3.99514 | 1.02921 | 7.06113
C5 | -3.54967 | 0.49895 | 4.78738
C7 | -4.85362 | 1.03203 | 4.28424
C6 | -2.64214 | -0.05268 | 3.98194
P | 5.52688 | -7.83311 | 4.93304
OP1 | 6.11821 | -8.37185 | 6.18952
OP2 | 6.24274 | -6.77452 | 4.19366
O5' | 5.32583 | -9.05743 | 3.939
C5' | 4.67439 | -10.23817 | 4.37229
C4' | 5.07614 | -11.38492 | 3.48714
O4' | 4.47601 | -11.15869 | 2.18641
C3' | 6.5903 | -11.45824 | 3.26892
O3' | 7.05302 | -12.80595 | 3.33201
C2' | 6.79316 | -10.87141 | 1.88472
C1' | 5.46621 | -11.12024 | 1.17708
N1 | 5.09179 | -10.06105 | 0.21065
C2 | 5.5957 | -10.1427 | -1.08951
O2 | 6.31752 | -11.10247 | -1.383
N3 | 5.28325 | -9.17966 | -1.98655
C4 | 4.49832 | -8.15994 | -1.62479
N4 | 4.22462 | -7.22052 | -2.54626
C5 | 3.96175 | -8.05399 | -0.30744
C6 | 4.27927 | -9.01908 | 0.56949
