41
DC_A_2-DG_A_4-1p54.pdb
P | 1.71747 | 4.84528 | 4.65998
OP1 | 1.58463 | 3.37657 | 4.48618
OP2 | 0.55002 | 5.71144 | 4.38818
O5' | 2.21835 | 5.13892 | 6.14779
C5' | 3.11014 | 4.24248 | 6.81749
C4' | 3.74077 | 4.91037 | 8.02162
O4' | 4.67529 | 5.95204 | 7.62425
C3' | 2.77283 | 5.5701 | 9.01118
O3' | 3.3088 | 5.43321 | 10.32051
C2' | 2.87656 | 7.03687 | 8.64719
C1' | 4.35878 | 7.14421 | 8.33725
N1 | 4.736 | 8.28799 | 7.50281
C2 | 6.08716 | 8.64081 | 7.41518
O2 | 6.91834 | 8.0167 | 8.08774
N3 | 6.45192 | 9.66006 | 6.61407
C4 | 5.52767 | 10.345 | 5.9397
N4 | 5.94107 | 11.36023 | 5.17422
C5 | 4.13913 | 10.02535 | 6.02738
C6 | 3.79034 | 8.99724 | 6.81096
P | 7.36714 | 4.70375 | 16.39648
OP1 | 8.17711 | 3.63424 | 17.01177
OP2 | 6.08166 | 5.09733 | 17.02426
O5' | 8.27296 | 6.00468 | 16.26291
C5' | 9.44682 | 5.98192 | 15.46296
C4' | 10.05628 | 7.36015 | 15.38568
O4' | 9.23004 | 8.21839 | 14.55412
C3' | 10.21668 | 8.07392 | 16.73215
O3' | 11.54827 | 8.58982 | 16.85491
C2' | 9.18929 | 9.19185 | 16.66777
C1' | 9.10636 | 9.47731 | 15.17702
N9 | 7.85622 | 10.08485 | 14.73356
C8 | 6.58865 | 9.76877 | 15.15166
N7 | 5.66614 | 10.51674 | 14.61202
C5 | 6.36516 | 11.37098 | 13.7721
C6 | 5.89819 | 12.40453 | 12.91505
O6 | 4.7387 | 12.76645 | 12.70945
N1 | 6.94251 | 13.02927 | 12.24808
C2 | 8.26798 | 12.6957 | 12.36904
N2 | 9.12309 | 13.42838 | 11.63687
N3 | 8.7201 | 11.72146 | 13.15108
C4 | 7.71834 | 11.11069 | 13.82545
