41
DC_A_7-DG_A_9-1p54.pdb
P | -14.88461 | -6.77581 | -2.23584
OP1 | -15.6795 | -6.85519 | -0.97865
OP2 | -14.3538 | -5.46955 | -2.67363
O5' | -13.64998 | -7.76537 | -2.08108
C5' | -13.8467 | -9.10251 | -1.65727
C4' | -12.56467 | -9.63977 | -1.08486
O4' | -11.6319 | -9.79657 | -2.18422
C3' | -11.91509 | -8.67566 | -0.08776
O3' | -11.40811 | -9.37573 | 1.04682
C2' | -10.79532 | -8.02537 | -0.87818
C1' | -10.45173 | -9.05271 | -1.95056
N1 | -10.0247 | -8.45783 | -3.2389
C2 | -8.68087 | -8.11022 | -3.3947
O2 | -7.9029 | -8.32891 | -2.45915
N3 | -8.26812 | -7.54971 | -4.55454
C4 | -9.1449 | -7.33217 | -5.53979
N4 | -8.69151 | -6.76212 | -6.6694
C5 | -10.52133 | -7.68436 | -5.41348
C6 | -10.91382 | -8.24189 | -4.25748
P | -6.5715 | -5.55306 | 5.57125
OP1 | -6.52775 | -7.02379 | 5.6165
OP2 | -7.4081 | -4.80721 | 6.55097
O5' | -5.07904 | -5.00473 | 5.67313
C5' | -3.97229 | -5.84681 | 5.36657
C4' | -2.89229 | -5.04164 | 4.68993
O4' | -3.46639 | -4.4378 | 3.50323
C3' | -2.36849 | -3.8855 | 5.53848
O3' | -0.96667 | -3.70415 | 5.29823
C2' | -3.20262 | -2.70175 | 5.07333
C1' | -3.46398 | -3.02688 | 3.60933
N9 | -4.73409 | -2.55403 | 3.0705
C8 | -5.93148 | -2.41061 | 3.73192
N7 | -6.90282 | -2.01501 | 2.95023
C5 | -6.30457 | -1.87711 | 1.70082
C6 | -6.85229 | -1.47652 | 0.43789
O6 | -8.00987 | -1.16688 | 0.15858
N1 | -5.88283 | -1.46158 | -0.55576
C2 | -4.56205 | -1.78964 | -0.3758
N2 | -3.77302 | -1.70212 | -1.46135
N3 | -4.04668 | -2.17495 | 0.78019
C4 | -4.96426 | -2.19196 | 1.76544
