41
DC_B_12-DG_B_14-1p54.pdb
P | -7.72468 | 8.99323 | -0.2204
OP1 | -7.8342 | 8.22448 | -1.48744
OP2 | -8.95777 | 9.43247 | 0.49234
O5' | -6.86286 | 8.10517 | 0.77783
C5' | -5.98735 | 7.1114 | 0.27378
C4' | -5.24766 | 6.45299 | 1.41155
O4' | -4.37691 | 7.4058 | 2.05182
C3' | -6.12475 | 5.88447 | 2.52913
O3' | -5.43076 | 4.75511 | 3.05584
C2' | -6.08051 | 6.98335 | 3.57523
C1' | -4.62085 | 7.35527 | 3.44574
N1 | -4.13096 | 8.60079 | 4.04166
C2 | -2.75432 | 8.74815 | 4.19265
O2 | -2.01524 | 7.81037 | 3.87147
N3 | -2.26065 | 9.91048 | 4.68712
C4 | -3.09176 | 10.89091 | 5.03233
N4 | -2.55769 | 12.02704 | 5.49621
C5 | -4.50299 | 10.75551 | 4.91538
C6 | -4.9767 | 9.60151 | 4.42466
P | -0.68936 | -0.84477 | 4.96745
OP1 | 0.34061 | -1.67179 | 4.30332
OP2 | -1.92537 | -1.47463 | 5.49609
O5' | 0.00837 | 0.0096 | 6.11677
C5' | 1.03413 | 0.91454 | 5.75893
C4' | 1.54685 | 1.66861 | 6.96023
O4' | 0.64704 | 2.74379 | 7.32146
C3' | 1.8124 | 0.86118 | 8.23036
O3' | 3.13557 | 1.17204 | 8.68182
C2' | 0.7416 | 1.34886 | 9.19753
C1' | 0.50248 | 2.7801 | 8.72598
N9 | -0.81468 | 3.33576 | 9.00766
C8 | -2.03535 | 2.74021 | 8.80251
N7 | -3.04032 | 3.49853 | 9.15463
C5 | -2.4461 | 4.66611 | 9.62468
C6 | -3.02862 | 5.85687 | 10.15619
O6 | -4.21696 | 6.1282 | 10.30153
N1 | -2.05877 | 6.78722 | 10.52022
C2 | -0.70131 | 6.60613 | 10.37741
N2 | 0.08422 | 7.62101 | 10.78028
N3 | -0.14971 | 5.50954 | 9.87609
C4 | -1.07316 | 4.58689 | 9.53088
