38
DC_B_17-DC_B_17-1p54.pdb
P | -1.96657 | -10.78215 | -11.30092
P | -1.96657 | -10.78215 | -11.30092
OP1 | -1.99298 | -12.26095 | -11.20542
OP1 | -1.99298 | -12.26095 | -11.20542
OP2 | -3.19437 | -10.04444 | -11.68843
OP2 | -3.19437 | -10.04444 | -11.68843
O5' | -1.41632 | -10.16394 | -9.93932
O5' | -1.41632 | -10.16394 | -9.93932
C5' | -0.74436 | -10.97396 | -8.97882
C5' | -0.74436 | -10.97396 | -8.97882
C4' | 0.40063 | -11.7222 | -9.62329
C4' | 0.40063 | -11.7222 | -9.62329
O4' | 1.30598 | -10.79015 | -10.26436
O4' | 1.30598 | -10.79015 | -10.26436
C3' | 1.24048 | -12.50915 | -8.61847
C3' | 1.24048 | -12.50915 | -8.61847
O3' | 1.58474 | -13.79887 | -9.12012
O3' | 1.58474 | -13.79887 | -9.12012
C2' | 2.48163 | -11.66298 | -8.44293
C2' | 2.48163 | -11.66298 | -8.44293
C1' | 2.62336 | -11.01206 | -9.79752
C1' | 2.62336 | -11.01206 | -9.79752
N1 | 3.31874 | -9.72007 | -9.75491
N1 | 3.31874 | -9.72007 | -9.75491
C2 | 4.70749 | -9.72451 | -9.74092
C2 | 4.70749 | -9.72451 | -9.74092
O2 | 5.29439 | -10.81293 | -9.72351
O2 | 5.29439 | -10.81293 | -9.72351
N3 | 5.37793 | -8.54827 | -9.74116
N3 | 5.37793 | -8.54827 | -9.74116
C4 | 4.70477 | -7.39774 | -9.74116
C4 | 4.70477 | -7.39774 | -9.74116
N4 | 5.41037 | -6.26365 | -9.75358
N4 | 5.41037 | -6.26365 | -9.75358
C5 | 3.27779 | -7.36067 | -9.73127
C5 | 3.27779 | -7.36067 | -9.73127
C6 | 2.63037 | -8.53835 | -9.73753
C6 | 2.63037 | -8.53835 | -9.73753
