35
DC_B_12-DC_B_11-1p54.pdb
O5' | -7.62032 | 8.4433 | 6.95322
C5' | -6.40599 | 8.71297 | 6.2561
C4' | -5.62939 | 7.44817 | 5.97443
O4' | -4.30178 | 7.79452 | 5.50758
C3' | -5.42579 | 6.55943 | 7.20256
O3' | -5.42454 | 5.18569 | 6.79777
C2' | -4.063 | 6.9861 | 7.71739
C1' | -3.31954 | 7.33 | 6.42988
N1 | -2.32181 | 8.39703 | 6.58597
C2 | -0.97785 | 8.04791 | 6.76608
O2 | -0.66736 | 6.84536 | 6.7907
N3 | -0.05576 | 9.02805 | 6.90705
C4 | -0.43361 | 10.3104 | 6.87926
N4 | 0.50554 | 11.24438 | 7.03739
C5 | -1.79131 | 10.69203 | 6.6945
C6 | -2.69458 | 9.7122 | 6.55349
P | -6.08511 | 4.07621 | 7.74686
OP1 | -6.20518 | 2.8153 | 6.96967
OP2 | -7.28827 | 4.66467 | 8.40073
O5' | -4.9867 | 3.81773 | 8.86693
C5' | -4.02115 | 2.79462 | 8.6963
C4' | -3.06473 | 2.79074 | 9.86267
O4' | -2.29636 | 4.00952 | 9.87557
C3' | -3.7106 | 2.6993 | 11.24686
O3' | -2.7888 | 1.99893 | 12.08008
C2' | -3.73235 | 4.14847 | 11.69769
C1' | -2.37563 | 4.56423 | 11.176
N1 | -2.03324 | 5.98606 | 11.08886
C2 | -0.69084 | 6.31952 | 10.92633
O2 | 0.15171 | 5.41461 | 10.91723
N3 | -0.34223 | 7.62238 | 10.78409
C4 | -1.27934 | 8.56694 | 10.81189
N4 | -0.89018 | 9.8368 | 10.64685
C5 | -2.65391 | 8.25595 | 11.00537
C6 | -2.9839 | 6.96413 | 11.14399
