41
DC_B_17-DG_A_4-1p54.pdb
P | 11.53675 | 1.49824 | -9.97108
OP1 | 12.96107 | 1.87672 | -9.89042
OP2 | 10.59313 | 2.36589 | -10.71824
O5' | 11.4419 | 0.02856 | -10.57259
C5' | 12.03306 | -1.0663 | -9.88688
C4' | 11.69534 | -2.36367 | -10.57946
O4' | 10.29573 | -2.68786 | -10.36328
C3' | 11.91868 | -2.3659 | -12.09547
O3' | 12.67111 | -3.52505 | -12.47573
C2' | 10.50967 | -2.40471 | -12.66346
C1' | 9.73709 | -3.13626 | -11.5778
N9 | 8.30421 | -2.86307 | -11.54921
C8 | 7.68933 | -1.65035 | -11.73
N7 | 6.38724 | -1.7224 | -11.69699
C5 | 6.12381 | -3.06409 | -11.46398
C6 | 4.88548 | -3.74748 | -11.32141
O6 | 3.74441 | -3.28438 | -11.35533
N1 | 5.07071 | -5.10555 | -11.10438
C2 | 6.28845 | -5.73152 | -11.01467
N2 | 6.24866 | -7.05743 | -10.80372
N3 | 7.45505 | -5.10585 | -11.12745
C4 | 7.29655 | -3.78185 | -11.35815
P | -3.16452 | -11.22514 | -12.15437
OP1 | -2.46124 | -12.52278 | -12.28927
OP2 | -4.63682 | -11.16084 | -12.32772
O5' | -2.79201 | -10.55284 | -10.7586
C5' | -1.68352 | -11.01208 | -9.99013
C4' | -0.42524 | -11.02495 | -10.82845
O4' | -0.18321 | -9.70836 | -11.38284
C3' | 0.82363 | -11.38525 | -10.02544
O3' | 1.67091 | -12.27689 | -10.74699
C2' | 1.51409 | -10.05633 | -9.8145
C1' | 1.12939 | -9.29123 | -11.0576
N1 | 1.11421 | -7.83592 | -10.86657
C2 | 2.31899 | -7.15121 | -10.95875
O2 | 3.35326 | -7.79986 | -11.15608
N3 | 2.33189 | -5.80389 | -10.82611
C4 | 1.1956 | -5.14626 | -10.5954
N4 | 1.25747 | -3.81662 | -10.484
C5 | -0.05454 | -5.82419 | -10.47172
C6 | -0.04778 | -7.16067 | -10.61273
