40
DC_B_12-DA_B_13-1p54.pdb
P | -9.08013 | 3.90917 | 5.48413
OP1 | -8.86337 | 4.06862 | 4.02264
OP2 | -10.45304 | 3.66514 | 6.01044
O5' | -8.14684 | 2.71109 | 5.9547
C5' | -7.0099 | 2.34988 | 5.1898
C4' | -6.2645 | 1.23108 | 5.87378
O4' | -5.72156 | 1.69236 | 7.12614
C3' | -7.09845 | -0.00446 | 6.21941
O3' | -6.21779 | -1.12384 | 6.14247
C2' | -7.43251 | 0.22118 | 7.68273
C1' | -6.09826 | 0.77111 | 8.13336
N1 | -5.98766 | 1.44142 | 9.4314
C2 | -4.71093 | 1.63416 | 9.95334
O2 | -3.73909 | 1.18818 | 9.33249
N3 | -4.5657 | 2.30185 | 11.1248
C4 | -5.63914 | 2.75515 | 11.76778
N4 | -5.44533 | 3.42604 | 12.90951
C5 | -6.95585 | 2.54671 | 11.27138
C6 | -7.08421 | 1.88569 | 10.11229
P | -6.38295 | -2.19638 | 4.96975
OP1 | -6.47819 | -1.50786 | 3.65243
OP2 | -7.44899 | -3.12143 | 5.39591
O5' | -4.99439 | -2.96145 | 4.97296
C5' | -3.84174 | -2.35926 | 4.40607
C4' | -2.61219 | -2.7894 | 5.16435
O4' | -2.70529 | -2.30167 | 6.51902
C3' | -2.42906 | -4.29813 | 5.27715
O3' | -1.03796 | -4.59179 | 5.22386
C2' | -3.02465 | -4.63435 | 6.62983
C1' | -2.78517 | -3.375 | 7.44778
N9 | -3.87556 | -3.05067 | 8.36436
C8 | -5.21717 | -3.2408 | 8.14695
N7 | -5.97628 | -2.79258 | 9.1091
C5 | -5.07463 | -2.28048 | 10.03136
C6 | -5.25249 | -1.65035 | 11.27871
N6 | -6.45285 | -1.38286 | 11.80966
N1 | -4.14307 | -1.28831 | 11.9628
C2 | -2.94075 | -1.5196 | 11.40446
N3 | -2.64918 | -2.08748 | 10.23663
C4 | -3.77539 | -2.45255 | 9.59366
