39
DC_B_17-DT_A_5-1p54.pdb
P | -10.69594 | -1.24833 | -13.10482
OP1 | -11.64865 | -2.23243 | -13.67482
OP2 | -9.80425 | -0.47496 | -14.00266
O5' | -11.55753 | -0.23463 | -12.23832
C5' | -12.43907 | -0.7345 | -11.23495
C4' | -13.07411 | 0.41071 | -10.48673
O4' | -12.15052 | 0.9756 | -9.52597
C3' | -13.51695 | 1.56883 | -11.38587
O3' | -14.74319 | 2.08816 | -10.89252
C2' | -12.44334 | 2.61483 | -11.1481
C1' | -12.18881 | 2.37807 | -9.6732
N1 | -10.94473 | 2.94174 | -9.14704
C2 | -10.95778 | 3.38879 | -7.85248
O2 | -11.92921 | 3.26431 | -7.12076
N3 | -9.79096 | 3.9828 | -7.44281
C4 | -8.63957 | 4.15074 | -8.18972
O4 | -7.67489 | 4.73295 | -7.70037
C5 | -8.69026 | 3.6108 | -9.53321
C7 | -7.48367 | 3.70499 | -10.41235
C6 | -9.82642 | 3.04059 | -9.93405
P | -13.98205 | 5.33721 | 3.47981
OP1 | -15.30123 | 4.67166 | 3.36366
OP2 | -13.7675 | 6.37705 | 4.51642
O5' | -12.83554 | 4.2399 | 3.62246
C5' | -13.08172 | 2.87039 | 3.3158
C4' | -13.65927 | 2.73323 | 1.92518
O4' | -12.77469 | 3.34788 | 0.95613
C3' | -13.82503 | 1.27861 | 1.48822
O3' | -15.06422 | 1.07257 | 0.81334
C2' | -12.66589 | 1.05007 | 0.54406
C1' | -12.47132 | 2.41714 | -0.06581
N1 | -11.09714 | 2.66461 | -0.51859
C2 | -10.72238 | 2.18275 | -1.76607
O2 | -11.54686 | 1.53354 | -2.42041
N3 | -9.47377 | 2.42869 | -2.22814
C4 | -8.61057 | 3.11707 | -1.48124
N4 | -7.39466 | 3.34464 | -1.98519
C5 | -8.95834 | 3.60457 | -0.18542
C6 | -10.20414 | 3.35582 | 0.25303
