32
DC_B_11-DC_B_11-1p54.pdb
O5' | -7.72474 | 4.84993 | 12.03523
O5' | -7.72474 | 4.84993 | 12.03523
C5' | -6.71255 | 5.36665 | 11.17395
C5' | -6.71255 | 5.36665 | 11.17395
C4' | -5.69292 | 4.31214 | 10.81269
C4' | -5.69292 | 4.31214 | 10.81269
O4' | -4.56116 | 4.94217 | 10.1626
O4' | -4.56116 | 4.94217 | 10.1626
C3' | -5.12299 | 3.56243 | 12.01799
C3' | -5.12299 | 3.56243 | 12.01799
O3' | -4.83773 | 2.21011 | 11.64264
O3' | -4.83773 | 2.21011 | 11.64264
C2' | -3.85156 | 4.32922 | 12.33391
C2' | -3.85156 | 4.32922 | 12.33391
C1' | -3.38559 | 4.77468 | 10.95075
C1' | -3.38559 | 4.77468 | 10.95075
N1 | -2.66744 | 6.05633 | 10.94917
N1 | -2.66744 | 6.05633 | 10.94917
C2 | -1.26726 | 6.04929 | 10.95067
C2 | -1.26726 | 6.04929 | 10.95067
O2 | -0.67171 | 4.95914 | 10.95523
O2 | -0.67171 | 4.95914 | 10.95523
N3 | -0.60251 | 7.22781 | 10.94607
N3 | -0.60251 | 7.22781 | 10.94607
C4 | -1.28272 | 8.37902 | 10.94607
C4 | -1.28272 | 8.37902 | 10.94607
N4 | -0.58809 | 9.51774 | 10.95701
N4 | -0.58809 | 9.51774 | 10.95701
C5 | -2.70464 | 8.41404 | 10.94123
C5 | -2.70464 | 8.41404 | 10.94123
C6 | -3.35139 | 7.24034 | 10.94322
C6 | -3.35139 | 7.24034 | 10.94322
