39
DC_B_17-DT_B_15-1p54.pdb
P | 2.16818 | -3.27805 | -10.77673
OP1 | 0.70082 | -3.37194 | -10.64544
OP2 | 2.93121 | -2.31661 | -9.93006
O5' | 2.75482 | -4.74539 | -10.54839
C5' | 2.4843 | -5.77968 | -11.4988
C4' | 3.07868 | -7.09039 | -11.04171
O4' | 4.52574 | -7.05272 | -11.10651
C3' | 2.73796 | -7.44296 | -9.60006
O3' | 2.57064 | -8.84804 | -9.47226
C2' | 3.98244 | -7.03089 | -8.84627
C1' | 5.04606 | -7.42975 | -9.84271
N1 | 6.32426 | -6.74523 | -9.65812
C2 | 7.47478 | -7.50077 | -9.54917
O2 | 7.47901 | -8.72034 | -9.5385
N3 | 8.62828 | -6.76471 | -9.44504
C4 | 8.73898 | -5.38452 | -9.42969
O4 | 9.84588 | -4.86982 | -9.38456
C5 | 7.48082 | -4.6615 | -9.49756
C7 | 7.48013 | -3.16552 | -9.4358
C6 | 6.35811 | -5.37213 | -9.61274
P | 4.14708 | -13.51335 | -3.77298
OP1 | 4.87725 | -14.7917 | -3.60164
OP2 | 2.70411 | -13.52692 | -4.11867
O5' | 4.34698 | -12.60133 | -2.48178
C5' | 5.36454 | -12.88695 | -1.52617
C4' | 6.71155 | -13.00208 | -2.20329
O4' | 6.99991 | -11.79219 | -2.94649
C3' | 7.86331 | -13.17988 | -1.21528
O3' | 8.79946 | -14.15376 | -1.67212
C2' | 8.50818 | -11.81294 | -1.16147
C1' | 8.26071 | -11.28373 | -2.55337
N1 | 8.2055 | -9.81842 | -2.61997
C2 | 9.4043 | -9.12106 | -2.69368
O2 | 10.46241 | -9.76026 | -2.65866
N3 | 9.38508 | -7.77115 | -2.79558
C4 | 8.22166 | -7.12069 | -2.81092
N4 | 8.25376 | -5.79023 | -2.92506
C5 | 6.97409 | -7.80745 | -2.71264
C6 | 7.01367 | -9.14749 | -2.6186
