41
DC_B_17-DG_B_19-1p54.pdb
P | -1.78205 | -20.51632 | 0.53871
OP1 | -1.517 | -20.94897 | 1.93128
OP2 | -3.06973 | -20.86479 | -0.11114
O5' | -1.56385 | -18.94299 | 0.41244
C5' | -0.87895 | -18.20887 | 1.42348
C4' | 0.47309 | -18.82521 | 1.70331
O4' | 1.24726 | -18.9026 | 0.481
C3' | 1.30982 | -18.00823 | 2.68654
O3' | 1.97757 | -18.8458 | 3.62788
C2' | 2.31427 | -17.29978 | 1.8054
C1' | 2.50482 | -18.28375 | 0.67661
N1 | 2.90724 | -17.65318 | -0.58635
C2 | 4.25176 | -17.35843 | -0.77135
O2 | 5.04161 | -17.60148 | 0.14869
N3 | 4.65971 | -16.81244 | -1.94118
C4 | 3.77111 | -16.54946 | -2.89935
N4 | 4.22347 | -16.02211 | -4.04017
C5 | 2.37955 | -16.81881 | -2.72979
C6 | 1.99509 | -17.36655 | -1.56433
P | 6.05003 | -14.80352 | 8.61766
OP1 | 5.95587 | -16.27314 | 8.75412
OP2 | 5.18784 | -13.93566 | 9.45385
O5' | 7.57104 | -14.40596 | 8.84458
C5' | 8.62483 | -15.17424 | 8.2623
C4' | 9.58332 | -14.26991 | 7.52165
O4' | 8.88702 | -13.66578 | 6.4149
C3' | 10.1319 | -13.09586 | 8.32766
O3' | 11.42923 | -12.73027 | 7.83235
C2' | 9.14145 | -11.99089 | 8.01973
C1' | 8.88405 | -12.25327 | 6.55885
N9 | 7.62461 | -11.76764 | 6.01577
C8 | 6.41107 | -11.641 | 6.65047
N7 | 5.45558 | -11.2729 | 5.84402
C5 | 6.08337 | -11.13751 | 4.6108
C6 | 5.55991 | -10.79695 | 3.34174
O6 | 4.39976 | -10.58437 | 3.02778
N1 | 6.55249 | -10.74046 | 2.37582
C2 | 7.87871 | -10.99993 | 2.59165
N2 | 8.69278 | -10.87576 | 1.52779
N3 | 8.37428 | -11.35159 | 3.75822
C4 | 7.42534 | -11.39889 | 4.7164
