38
DC_B_12-DC_B_12-1p54.pdb
P | -4.51862 | 7.23438 | 3.33898
P | -4.51862 | 7.23438 | 3.33898
OP1 | -4.84316 | 6.08595 | 2.45346
OP1 | -4.84316 | 6.08595 | 2.45346
OP2 | -5.61466 | 8.07387 | 3.90059
OP2 | -5.61466 | 8.07387 | 3.90059
O5' | -3.66955 | 6.65005 | 4.54955
O5' | -3.66955 | 6.65005 | 4.54955
C5' | -2.9701 | 5.42612 | 4.40486
C5' | -2.9701 | 5.42612 | 4.40486
C4' | -2.2011 | 5.12133 | 5.66618
C4' | -2.2011 | 5.12133 | 5.66618
O4' | -1.16598 | 6.104 | 5.86337
O4' | -1.16598 | 6.104 | 5.86337
C3' | -3.02138 | 5.12591 | 6.95792
C3' | -3.02138 | 5.12591 | 6.95792
O3' | -2.41347 | 4.17385 | 7.82886
O3' | -2.41347 | 4.17385 | 7.82886
C2' | -2.74532 | 6.50866 | 7.51971
C2' | -2.74532 | 6.50866 | 7.51971
C1' | -1.27285 | 6.5939 | 7.18763
C1' | -1.27285 | 6.5939 | 7.18763
N1 | -0.58465 | 7.88552 | 7.25484
N1 | -0.58465 | 7.88552 | 7.25484
C2 | 0.80795 | 7.87661 | 7.27023
C2 | 0.80795 | 7.87661 | 7.27023
O2 | 1.39743 | 6.78978 | 7.28144
O2 | 1.39743 | 6.78978 | 7.28144
N3 | 1.48006 | 9.05452 | 7.2739
N3 | 1.48006 | 9.05452 | 7.2739
C4 | 0.807 | 10.20263 | 7.2739
C4 | 0.807 | 10.20263 | 7.2739
N4 | 1.51293 | 11.33955 | 7.25683
N4 | 1.51293 | 11.33955 | 7.25683
C5 | -0.61498 | 10.2398 | 7.28742
C5 | -0.61498 | 10.2398 | 7.28742
C6 | -1.26602 | 9.06804 | 7.28313
C6 | -1.26602 | 9.06804 | 7.28313
