40
DC_B_17-DA_B_16-1p54.pdb
P | 3.9704 | -9.76111 | 9.44882
OP1 | 3.75038 | -9.94684 | 10.90352
OP2 | 2.91264 | -9.14372 | 8.60667
O5' | 5.3071 | -8.92833 | 9.23633
C5' | 6.54438 | -9.43705 | 9.70638
C4' | 7.6872 | -8.63529 | 9.13596
O4' | 8.01763 | -9.07512 | 7.79984
C3' | 7.42079 | -7.13645 | 9.04153
O3' | 8.59208 | -6.4514 | 9.4629
C2' | 7.16531 | -6.9121 | 7.55983
C1' | 8.06726 | -7.964 | 6.92709
N9 | 7.70579 | -8.44201 | 5.58955
C8 | 6.46806 | -8.6122 | 5.026
N7 | 6.50364 | -9.10153 | 3.80779
C5 | 7.85701 | -9.25866 | 3.55028
C6 | 8.56868 | -9.72359 | 2.42184
N6 | 7.99556 | -10.17426 | 1.30457
N1 | 9.91761 | -9.71174 | 2.48806
C2 | 10.50202 | -9.27175 | 3.60261
N3 | 9.94668 | -8.82563 | 4.72735
C4 | 8.60839 | -8.84378 | 4.6347
P | 8.4534 | -5.05182 | 10.21402
OP1 | 9.77702 | -4.75532 | 10.81136
OP2 | 7.24941 | -5.11457 | 11.07908
O5' | 8.16246 | -4.03897 | 9.01885
C5' | 9.20324 | -3.24946 | 8.44994
C4' | 10.35939 | -4.12445 | 8.02108
O4' | 9.89732 | -5.14393 | 7.10103
C3' | 11.45291 | -3.35111 | 7.28591
O3' | 12.7539 | -3.75948 | 7.70327
C2' | 11.23049 | -3.70373 | 5.83214
C1' | 10.67676 | -5.10525 | 5.92049
N1 | 9.81368 | -5.46479 | 4.78891
C2 | 10.41849 | -5.90243 | 3.6178
O2 | 11.65377 | -5.93077 | 3.56604
N3 | 9.64809 | -6.27843 | 2.56988
C4 | 8.31988 | -6.2141 | 2.66252
N4 | 7.60242 | -6.60727 | 1.60666
C5 | 7.66963 | -5.74606 | 3.84399
C6 | 8.45115 | -5.38343 | 4.87542
