42
DG_A_4-DT_A_5-1p54.pdb
P | -4.76321 | -0.57605 | -3.96064
OP1 | -5.21212 | -0.22928 | -5.32325
OP2 | -5.29081 | 0.18741 | -2.80295
O5' | -5.05841 | -2.11955 | -3.71323
C5' | -4.43709 | -3.10723 | -4.52369
C4' | -4.76558 | -4.48846 | -4.0126
O4' | -4.05674 | -4.73506 | -2.76863
C3' | -6.2508 | -4.73831 | -3.72998
O3' | -6.66517 | -5.96367 | -4.34735
C2' | -6.31526 | -4.82791 | -2.21432
C1' | -4.93521 | -5.35546 | -1.85672
N9 | -4.48569 | -5.0415 | -0.5047
C8 | -4.64752 | -3.85644 | 0.16679
N7 | -4.18137 | -3.8861 | 1.38479
C5 | -3.66437 | -5.16571 | 1.52305
C6 | -3.01931 | -5.783 | 2.62925
O6 | -2.75334 | -5.29968 | 3.73077
N1 | -2.66063 | -7.09378 | 2.34826
C2 | -2.87357 | -7.73107 | 1.15189
N2 | -2.45245 | -9.00483 | 1.08638
N3 | -3.4583 | -7.16401 | 0.10228
C4 | -3.83298 | -5.88976 | 0.36158
P | -8.2324 | -6.36357 | -4.38738
OP1 | -8.4426 | -7.26114 | -5.54978
OP2 | -9.06675 | -5.14765 | -4.23009
O5' | -8.38497 | -7.26325 | -3.08813
C5' | -7.61423 | -8.45626 | -2.95999
C4' | -7.85814 | -9.08777 | -1.61228
O4' | -7.12572 | -8.39212 | -0.57554
C3' | -9.32715 | -9.07604 | -1.17907
O3' | -9.61648 | -10.29446 | -0.50936
C2' | -9.37015 | -7.96166 | -0.14971
C1' | -8.01515 | -8.16844 | 0.49634
N1 | -7.51764 | -7.04817 | 1.2962
C2 | -6.75974 | -7.35151 | 2.39596
O2 | -6.43273 | -8.4954 | 2.67735
N3 | -6.39375 | -6.26726 | 3.15266
C4 | -6.69897 | -4.94182 | 2.90399
O4 | -6.32896 | -4.07317 | 3.68985
C5 | -7.4646 | -4.69975 | 1.69805
C7 | -7.81483 | -3.29667 | 1.31554
C6 | -7.82693 | -5.75369 | 0.96691
