44
DG_A_10-DG_A_10-1p54.pdb
P | 0.86835 | 7.13104 | -14.44084
P | 0.86835 | 7.13104 | -14.44084
OP1 | 0.31744 | 5.84902 | -14.94044
OP1 | 0.31744 | 5.84902 | -14.94044
OP2 | 0.01228 | 8.06576 | -13.70264
OP2 | 0.01228 | 8.06576 | -13.70264
O5' | 2.12363 | 6.80807 | -13.52297
O5' | 2.12363 | 6.80807 | -13.52297
C5' | 3.01623 | 5.75958 | -13.88883
C5' | 3.01623 | 5.75958 | -13.88883
C4' | 3.95492 | 5.45202 | -12.74914
C4' | 3.95492 | 5.45202 | -12.74914
O4' | 4.93525 | 6.51372 | -12.61224
O4' | 4.93525 | 6.51372 | -12.61224
C3' | 3.25535 | 5.33787 | -11.39302
C3' | 3.25535 | 5.33787 | -11.39302
O3' | 3.91736 | 4.41232 | -10.5427
O3' | 3.91736 | 4.41232 | -10.5427
C2' | 3.49306 | 6.70155 | -10.77734
C2' | 3.49306 | 6.70155 | -10.77734
C1' | 4.89112 | 7.00237 | -11.2788
C1' | 4.89112 | 7.00237 | -11.2788
N9 | 5.25667 | 8.41578 | -11.29919
N9 | 5.25667 | 8.41578 | -11.29919
C8 | 4.42297 | 9.51323 | -11.31075
C8 | 4.42297 | 9.51323 | -11.31075
N7 | 5.07483 | 10.64779 | -11.32536
N7 | 5.07483 | 10.64779 | -11.32536
C5 | 6.41241 | 10.2701 | -11.31785
C5 | 6.41241 | 10.2701 | -11.31785
C6 | 7.59056 | 11.05498 | -11.31238
C6 | 7.59056 | 11.05498 | -11.31238
O6 | 7.69311 | 12.28788 | -11.31079
O6 | 7.69311 | 12.28788 | -11.31079
N1 | 8.73547 | 10.25408 | -11.31197
N1 | 8.73547 | 10.25408 | -11.31197
C2 | 8.73528 | 8.87182 | -11.31278
C2 | 8.73528 | 8.87182 | -11.31278
N2 | 9.92678 | 8.26006 | -11.31399
N2 | 9.92678 | 8.26006 | -11.31399
N3 | 7.64748 | 8.14267 | -11.31106
N3 | 7.64748 | 8.14267 | -11.31106
C4 | 6.53362 | 8.8961 | -11.31005
C4 | 6.53362 | 8.8961 | -11.31005
