44
DG_A_4-DG_A_4-1p54.pdb
P | -2.14712 | -5.45348 | 9.2869
P | -2.14712 | -5.45348 | 9.2869
OP1 | -3.11913 | -6.55108 | 9.1168
OP1 | -3.11913 | -6.55108 | 9.1168
OP2 | -2.58919 | -4.17685 | 9.90029
OP2 | -2.58919 | -4.17685 | 9.90029
O5' | -0.9108 | -6.00387 | 10.12315
O5' | -0.9108 | -6.00387 | 10.12315
C5' | -0.11777 | -7.06734 | 9.61469
C5' | -0.11777 | -7.06734 | 9.61469
C4' | 1.0651 | -7.31823 | 10.51734
C4' | 1.0651 | -7.31823 | 10.51734
O4' | 2.02423 | -6.23501 | 10.38528
O4' | 2.02423 | -6.23501 | 10.38528
C3' | 0.72985 | -7.43007 | 12.00841
C3' | 0.72985 | -7.43007 | 12.00841
O3' | 1.34009 | -8.6045 | 12.55858
O3' | 1.34009 | -8.6045 | 12.55858
C2' | 1.32216 | -6.1632 | 12.6031
C2' | 1.32216 | -6.1632 | 12.6031
C1' | 2.48475 | -5.87279 | 11.66782
C1' | 2.48475 | -5.87279 | 11.66782
N9 | 2.90738 | -4.47708 | 11.62343
N9 | 2.90738 | -4.47708 | 11.62343
C8 | 2.1003 | -3.36803 | 11.61505
C8 | 2.1003 | -3.36803 | 11.61505
N7 | 2.7657 | -2.24601 | 11.62033
N7 | 2.7657 | -2.24601 | 11.62033
C5 | 4.09659 | -2.63656 | 11.61591
C5 | 4.09659 | -2.63656 | 11.61591
C6 | 5.28465 | -1.85597 | 11.61216
C6 | 5.28465 | -1.85597 | 11.61216
O6 | 5.39758 | -0.62937 | 11.59242
O6 | 5.39758 | -0.62937 | 11.59242
N1 | 6.4216 | -2.65162 | 11.61721
N1 | 6.4216 | -2.65162 | 11.61721
C2 | 6.42466 | -4.02372 | 11.60711
C2 | 6.42466 | -4.02372 | 11.60711
N2 | 7.63574 | -4.60448 | 11.61739
N2 | 7.63574 | -4.60448 | 11.61739
N3 | 5.32463 | -4.76861 | 11.59238
N3 | 5.32463 | -4.76861 | 11.59238
C4 | 4.2031 | -4.01142 | 11.60586
C4 | 4.2031 | -4.01142 | 11.60586
