42
DG_A_9-BRU_A_8-1p54.pdb
N1 | -8.77516 | -3.7127 | -2.63456
C2 | -7.65417 | -4.16511 | -3.3051
N3 | -7.78731 | -4.23051 | -4.66979
C4 | -8.9225 | -3.93434 | -5.40387
C5 | -10.03357 | -3.51781 | -4.62426
C6 | -9.93119 | -3.4271 | -3.30448
O2 | -6.62981 | -4.50352 | -2.72612
O4 | -8.9204 | -4.07437 | -6.62797
BR | -11.55453 | -3.114 | -5.54701
C1' | -8.67574 | -3.51268 | -1.18588
C2' | -9.47091 | -2.3249 | -0.67747
C3' | -9.61099 | -2.69736 | 0.78059
C4' | -9.8028 | -4.21635 | 0.72546
O3' | -8.36635 | -2.41169 | 1.4065
O4' | -9.21969 | -4.64591 | -0.52812
C5' | -11.23445 | -4.68953 | 0.84087
O5' | -12.06534 | -3.99539 | -0.08302
P | -13.65479 | -4.16892 | -0.0585
OP1 | -14.04657 | -4.7077 | 1.2685
OP2 | -14.235 | -2.89479 | -0.53809
P | -8.28144 | -2.33242 | 3.01145
OP1 | -8.95571 | -3.52712 | 3.54534
OP2 | -8.73343 | -0.97777 | 3.43181
O5' | -6.72386 | -2.45561 | 3.32331
C5' | -6.13867 | -3.72029 | 3.61678
C4' | -4.75226 | -3.78827 | 3.02873
O4' | -4.86324 | -3.55384 | 1.60212
C3' | -3.80897 | -2.71148 | 3.55957
O3' | -2.47878 | -3.2376 | 3.65717
C2' | -3.92744 | -1.60033 | 2.52773
C1' | -4.19013 | -2.36396 | 1.23732
N9 | -5.0253 | -1.68268 | 0.25474
C8 | -6.05576 | -0.80185 | 0.48727
N7 | -6.64732 | -0.40629 | -0.61029
C5 | -5.95494 | -1.05664 | -1.62793
C6 | -6.13449 | -1.02982 | -3.05008
O6 | -6.97177 | -0.41979 | -3.71396
N1 | -5.19887 | -1.82619 | -3.69646
C2 | -4.21983 | -2.55916 | -3.073
N2 | -3.39898 | -3.26072 | -3.87465
N3 | -4.05223 | -2.60462 | -1.76142
C4 | -4.9429 | -1.83464 | -1.1081
