43
DG_A_4-DA_A_3-1p54.pdb
P | 0.99652 | -0.79232 | 8.6131
OP1 | 0.18214 | -0.68003 | 7.383
OP2 | 0.99024 | 0.30911 | 9.60299
O5' | 0.63442 | -2.14948 | 9.34938
C5' | 0.79882 | -3.40427 | 8.69314
C4' | 1.49377 | -4.37531 | 9.61649
O4' | 2.84505 | -3.9137 | 9.86471
C3' | 0.83507 | -4.49833 | 10.98544
O3' | 0.92305 | -5.85231 | 11.42782
C2' | 1.64832 | -3.55097 | 11.85221
C1' | 3.03493 | -3.63392 | 11.24723
N9 | 3.81503 | -2.39784 | 11.34553
C8 | 3.34411 | -1.10838 | 11.3651
N7 | 4.28705 | -0.19909 | 11.43537
C5 | 5.46297 | -0.94122 | 11.47501
C6 | 6.82121 | -0.56474 | 11.55481
N6 | 7.24134 | 0.70124 | 11.58515
N1 | 7.74567 | -1.54775 | 11.59527
C2 | 7.32593 | -2.82024 | 11.54378
N3 | 6.07872 | -3.30135 | 11.45781
C4 | 5.18388 | -2.29761 | 11.42733
P | 0.43689 | -6.24786 | 12.90996
OP1 | -0.24069 | -7.55609 | 12.82118
OP2 | -0.2802 | -5.09462 | 13.5077
O5' | 1.80472 | -6.44426 | 13.69812
C5' | 2.81345 | -7.30079 | 13.18118
C4' | 4.05846 | -7.21746 | 14.02966
O4' | 4.71444 | -5.93857 | 13.81786
C3' | 3.82401 | -7.34747 | 15.53841
O3' | 4.72755 | -8.31333 | 16.09077
C2' | 4.11004 | -5.95107 | 16.06538
C1' | 5.12481 | -5.42289 | 15.0644
N9 | 5.18797 | -3.96916 | 14.95824
C8 | 4.13271 | -3.09287 | 14.95861
N7 | 4.50049 | -1.84279 | 14.89767
C5 | 5.8852 | -1.89526 | 14.83717
C6 | 6.84284 | -0.84824 | 14.75065
O6 | 6.64888 | 0.3668 | 14.68968
N1 | 8.14007 | -1.34027 | 14.72117
C2 | 8.48095 | -2.66906 | 14.75068
N2 | 9.79718 | -2.93455 | 14.71645
N3 | 7.59896 | -3.66069 | 14.81328
C4 | 6.32693 | -3.20139 | 14.86159
