41
DG_A_9-DC_A_7-1p54.pdb
P | -11.46172 | 5.30987 | -7.39649
OP1 | -12.69262 | 4.71163 | -6.80856
OP2 | -10.52834 | 6.0474 | -6.52208
O5' | -10.64304 | 4.13336 | -8.08432
C5' | -11.28065 | 3.23794 | -8.97758
C4' | -10.48966 | 1.96201 | -9.05664
O4' | -9.25146 | 2.26246 | -9.74934
C3' | -10.10437 | 1.4213 | -7.67648
O3' | -10.26444 | 0.00522 | -7.61731
C2' | -8.64853 | 1.81726 | -7.51752
C1' | -8.13473 | 1.9277 | -8.94835
N1 | -7.10564 | 2.97687 | -9.13883
C2 | -5.77281 | 2.65279 | -8.87512
O2 | -5.50673 | 1.50171 | -8.51108
N3 | -4.81576 | 3.59698 | -9.0245
C4 | -5.14984 | 4.82902 | -9.42106
N4 | -4.16679 | 5.73731 | -9.54413
C5 | -6.50073 | 5.18728 | -9.70618
C6 | -7.43759 | 4.23816 | -9.55552
P | -6.95804 | -3.58948 | -1.73327
OP1 | -7.25838 | -4.38475 | -2.93508
OP2 | -7.93397 | -3.54895 | -0.60989
O5' | -5.55331 | -4.06895 | -1.15418
C5' | -4.62995 | -4.77462 | -1.97723
C4' | -3.22155 | -4.36572 | -1.62828
O4' | -3.12111 | -2.92936 | -1.79932
C3' | -2.8462 | -4.64324 | -0.17462
O3' | -1.46405 | -5.01582 | -0.09354
C2' | -3.14137 | -3.32421 | 0.52282
C1' | -2.85387 | -2.29624 | -0.56251
N9 | -3.66186 | -1.08286 | -0.51833
C8 | -4.96142 | -0.94835 | -0.08838
N7 | -5.42281 | 0.26756 | -0.22877
C5 | -4.357 | 0.97942 | -0.77215
C6 | -4.2467 | 2.35702 | -1.15359
O6 | -5.09503 | 3.24652 | -1.0986
N1 | -2.98107 | 2.64993 | -1.6433
C2 | -1.95166 | 1.74943 | -1.76098
N2 | -0.79344 | 2.22868 | -2.24832
N3 | -2.04421 | 0.47266 | -1.4268
C4 | -3.2608 | 0.16117 | -0.94116
