41
DG_A_4-DC_A_2-1p54.pdb
P | -0.44582 | 0.69545 | 1.3524
OP1 | 0.53433 | 0.53364 | 0.24873
OP2 | -0.39627 | 1.91536 | 2.1869
O5' | -1.91872 | 0.56592 | 0.74867
C5' | -2.1935 | -0.31275 | -0.34669
C4' | -3.68189 | -0.56009 | -0.47792
O4' | -4.18806 | -1.36091 | 0.62606
C3' | -4.57093 | 0.68808 | -0.53319
O3' | -5.67518 | 0.41388 | -1.38512
C2' | -5.11635 | 0.76831 | 0.87776
C1' | -5.32384 | -0.70445 | 1.18182
N1 | -5.39183 | -1.03932 | 2.60662
C2 | -5.87548 | -2.29809 | 2.97998
O2 | -6.28609 | -3.07058 | 2.10398
N3 | -5.89811 | -2.63575 | 4.28348
C4 | -5.49475 | -1.7634 | 5.20786
N4 | -5.55633 | -2.1414 | 6.48883
C5 | -5.01944 | -0.46285 | 4.86063
C6 | -4.9823 | -0.14567 | 3.56038
P | -11.16532 | -2.38898 | -5.37539
OP1 | -11.28014 | -3.22984 | -6.58296
OP2 | -11.53715 | -0.95442 | -5.448
O5' | -12.01528 | -3.06361 | -4.21212
C5' | -11.68122 | -4.36133 | -3.74017
C4' | -12.53946 | -4.72554 | -2.55371
O4' | -12.13291 | -3.94955 | -1.39471
C3' | -14.04081 | -4.48285 | -2.74142
O3' | -14.77552 | -5.65175 | -2.35641
C2' | -14.33114 | -3.31214 | -1.81699
C1' | -13.28527 | -3.48565 | -0.72759
N9 | -12.93565 | -2.26574 | -0.00775
C8 | -12.75615 | -1.01401 | -0.53919
N7 | -12.49461 | -0.10504 | 0.35918
C5 | -12.48466 | -0.80131 | 1.55873
C6 | -12.24976 | -0.34634 | 2.88487
O6 | -11.97763 | 0.79198 | 3.26937
N1 | -12.34245 | -1.38 | 3.80613
C2 | -12.60724 | -2.69056 | 3.49778
N2 | -12.65732 | -3.53643 | 4.53995
N3 | -12.81138 | -3.13619 | 2.26291
C4 | -12.74355 | -2.13962 | 1.3499
