44
DG_A_9-DG_A_9-1p54.pdb
P | -2.70113 | 7.52494 | -13.1954
P | -2.70113 | 7.52494 | -13.1954
OP1 | -3.00444 | 7.12682 | -14.57977
OP1 | -3.00444 | 7.12682 | -14.57977
OP2 | -3.65938 | 8.38232 | -12.44523
OP2 | -3.65938 | 8.38232 | -12.44523
O5' | -2.44067 | 6.20561 | -12.341
O5' | -2.44067 | 6.20561 | -12.341
C5' | -2.10447 | 4.97891 | -12.98144
C5' | -2.10447 | 4.97891 | -12.98144
C4' | -1.11555 | 4.21767 | -12.1358
C4' | -1.11555 | 4.21767 | -12.1358
O4' | 0.04288 | 5.06637 | -11.93524
O4' | 0.04288 | 5.06637 | -11.93524
C3' | -1.63579 | 3.87987 | -10.7407
C3' | -1.63579 | 3.87987 | -10.7407
O3' | -1.12659 | 2.60428 | -10.32921
O3' | -1.12659 | 2.60428 | -10.32921
C2' | -1.11562 | 5.02444 | -9.88468
C2' | -1.11562 | 5.02444 | -9.88468
C1' | 0.19686 | 5.38641 | -10.56563
C1' | 0.19686 | 5.38641 | -10.56563
N9 | 0.58344 | 6.79089 | -10.49414
N9 | 0.58344 | 6.79089 | -10.49414
C8 | -0.23888 | 7.89297 | -10.46234
C8 | -0.23888 | 7.89297 | -10.46234
N7 | 0.42067 | 9.02257 | -10.45518
N7 | 0.42067 | 9.02257 | -10.45518
C5 | 1.759 | 8.63969 | -10.46985
C5 | 1.759 | 8.63969 | -10.46985
C6 | 2.95889 | 9.42437 | -10.47424
C6 | 2.95889 | 9.42437 | -10.47424
O6 | 3.0842 | 10.64836 | -10.47903
O6 | 3.0842 | 10.64836 | -10.47903
N1 | 4.09189 | 8.62204 | -10.47402
N1 | 4.09189 | 8.62204 | -10.47402
C2 | 4.08776 | 7.24929 | -10.47447
C2 | 4.08776 | 7.24929 | -10.47447
N2 | 5.29152 | 6.64974 | -10.46226
N2 | 5.29152 | 6.64974 | -10.46226
N3 | 2.98854 | 6.51311 | -10.48533
N3 | 2.98854 | 6.51311 | -10.48533
C4 | 1.87231 | 7.26607 | -10.4786
C4 | 1.87231 | 7.26607 | -10.4786
