44
DG_A_10-DG_A_9-1p54.pdb
P | -0.00649 | 10.52849 | -15.25847
OP1 | -0.36719 | 10.4525 | -16.68364
OP2 | -0.7207 | 11.48046 | -14.3642
O5' | -0.13185 | 9.06889 | -14.63209
C5' | -0.11856 | 7.91546 | -15.46719
C4' | 0.60719 | 6.792 | -14.77173
O4' | 1.94446 | 7.25546 | -14.45646
C3' | -0.02244 | 6.38811 | -13.44076
O3' | 0.11559 | 4.97399 | -13.24855
C2' | 0.76124 | 7.19934 | -12.42041
C1' | 2.14086 | 7.29969 | -13.05595
N9 | 2.88686 | 8.51884 | -12.76571
C8 | 2.3887 | 9.78143 | -12.54319
N7 | 3.32587 | 10.67646 | -12.36523
C5 | 4.51294 | 9.95595 | -12.46364
C6 | 5.87862 | 10.38015 | -12.3616
O6 | 6.32681 | 11.51012 | -12.17135
N1 | 6.75533 | 9.31387 | -12.50943
C2 | 6.38424 | 8.0109 | -12.73082
N2 | 7.38299 | 7.11636 | -12.83535
N3 | 5.12889 | 7.60819 | -12.84178
C4 | 4.25494 | 8.62197 | -12.69531
P | -0.40966 | 4.30037 | -11.88769
OP1 | -0.57288 | 2.85743 | -12.18427
OP2 | -1.5238 | 5.06965 | -11.32343
O5' | 0.82981 | 4.46913 | -10.90903
C5' | 1.98708 | 3.65735 | -11.08696
C4' | 2.90455 | 3.78875 | -9.89716
O4' | 3.56072 | 5.08338 | -9.916
C3' | 2.18083 | 3.69519 | -8.55219
O3' | 3.01177 | 3.12076 | -7.55344
C2' | 2.0141 | 5.14885 | -8.15938
C1' | 3.31067 | 5.73644 | -8.67916
N9 | 3.29155 | 7.17638 | -8.91994
C8 | 2.20042 | 7.99396 | -9.12137
N7 | 2.53009 | 9.24666 | -9.30691
C5 | 3.91704 | 9.24891 | -9.21655
C6 | 4.84439 | 10.31379 | -9.31738
O6 | 4.61829 | 11.51446 | -9.5119
N1 | 6.15773 | 9.86048 | -9.16934
C2 | 6.52168 | 8.54544 | -8.94837
N2 | 7.83016 | 8.28436 | -8.8315
N3 | 5.66623 | 7.55899 | -8.84787
C4 | 4.39521 | 7.97572 | -8.98638
