42
DG_A_4-DT_B_15-1p54.pdb
P | -9.89974 | -0.75407 | -2.17506
OP1 | -11.17995 | -0.49891 | -2.86385
OP2 | -9.36692 | 0.257 | -1.22884
O5' | -10.01206 | -2.14237 | -1.40646
C5' | -10.24084 | -3.34475 | -2.12779
C4' | -10.17343 | -4.53379 | -1.20121
O4' | -8.79714 | -4.76747 | -0.79874
C3' | -10.9919 | -4.39824 | 0.08717
O3' | -11.79814 | -5.56784 | 0.27792
C2' | -9.93358 | -4.26785 | 1.16993
C1' | -8.76534 | -5.04381 | 0.58358
N9 | -7.45292 | -4.66327 | 1.0948
C8 | -7.0014 | -3.39387 | 1.35213
N7 | -5.79616 | -3.3664 | 1.85047
C5 | -5.4201 | -4.70004 | 1.91217
C6 | -4.21005 | -5.29504 | 2.36225
O6 | -3.19536 | -4.7427 | 2.79004
N1 | -4.24988 | -6.67853 | 2.26157
C2 | -5.30702 | -7.40411 | 1.77295
N2 | -5.14471 | -8.73741 | 1.76352
N3 | -6.4377 | -6.86378 | 1.33166
C4 | -6.42679 | -5.51477 | 1.43836
P | 2.92446 | -0.08057 | 11.24557
OP1 | 4.36278 | -0.09218 | 11.57765
OP2 | 2.45943 | 0.54171 | 9.9728
O5' | 2.41898 | -1.59431 | 11.29499
C5' | 2.38236 | -2.29579 | 12.54111
C4' | 1.93954 | -3.7245 | 12.33408
O4' | 0.53995 | -3.78375 | 11.96361
C3' | 2.69303 | -4.43964 | 11.22071
O3' | 2.87734 | -5.80649 | 11.56176
C2' | 1.73554 | -4.35457 | 10.05336
C1' | 0.41847 | -4.53989 | 10.77047
N1 | -0.73905 | -4.0371 | 10.03306
C2 | -1.81136 | -4.88064 | 9.82093
O2 | -1.824 | -6.05062 | 10.16516
N3 | -2.87352 | -4.29619 | 9.17795
C4 | -2.96118 | -2.98888 | 8.73
O4 | -3.9987 | -2.59598 | 8.21876
C5 | -1.77419 | -2.17954 | 8.94526
C7 | -1.74055 | -0.76575 | 8.45348
C6 | -0.74446 | -2.73897 | 9.58201
