42
DG_A_4-BRU_B_18-1p54.pdb
P | -10.19996 | -4.91313 | -2.89312
OP1 | -10.47639 | -6.12098 | -3.69508
OP2 | -10.93771 | -3.65944 | -3.18546
O5' | -10.41693 | -5.27012 | -1.35811
C5' | -9.61953 | -6.26672 | -0.73415
C4' | -9.91792 | -6.32863 | 0.7437
O4' | -9.37521 | -5.1547 | 1.40559
C3' | -11.40665 | -6.38727 | 1.10205
O3' | -11.64234 | -7.45063 | 2.03376
C2' | -11.67691 | -5.0285 | 1.72664
C1' | -10.32693 | -4.66654 | 2.32435
N9 | -10.0952 | -3.23749 | 2.50522
C8 | -10.43329 | -2.22839 | 1.63985
N7 | -10.14198 | -1.04061 | 2.09375
C5 | -9.56021 | -1.27912 | 3.33007
C6 | -9.03489 | -0.37197 | 4.29025
O6 | -8.96123 | 0.85612 | 4.22667
N1 | -8.54837 | -1.03345 | 5.40895
C2 | -8.54543 | -2.39467 | 5.58173
N2 | -8.03014 | -2.83438 | 6.74157
N3 | -9.01557 | -3.25765 | 4.68765
C4 | -9.51226 | -2.63148 | 3.59562
N1 | -3.70349 | -2.33167 | 8.18105
C2 | -4.24481 | -2.36077 | 6.90783
N3 | -4.3684 | -1.13789 | 6.30291
C4 | -4.01098 | 0.08143 | 6.83139
C5 | -3.42156 | 0.01696 | 8.13289
C6 | -3.29117 | -1.15491 | 8.74953
O2 | -4.5819 | -3.38829 | 6.36016
O4 | -4.33485 | 1.10554 | 6.24415
BR | -2.87308 | 1.60651 | 8.84553
C1' | -3.61285 | -3.60559 | 8.9013
C2' | -2.64234 | -3.61662 | 10.06662
C3' | -3.25906 | -4.66422 | 10.97587
C4' | -4.75727 | -4.46801 | 10.75562
O3' | -2.90209 | -5.97704 | 10.5365
O4' | -4.88948 | -3.853 | 9.4555
C5' | -5.47116 | -3.64816 | 11.80636
O5' | -4.75256 | -2.44664 | 12.07442
P | -5.04158 | -1.60623 | 13.39688
OP1 | -5.89537 | -2.41661 | 14.30389
OP2 | -3.74713 | -1.06875 | 13.88829
