42
DG_A_10-BRU_A_8-1p54.pdb
N1 | -11.78114 | -5.37003 | -1.0553
C2 | -10.72252 | -6.21964 | -1.31689
N3 | -10.77925 | -6.85178 | -2.5341
C4 | -11.79213 | -6.74905 | -3.47152
C5 | -12.85448 | -5.88542 | -3.0956
C6 | -12.82043 | -5.24596 | -1.9335
O2 | -9.81637 | -6.4119 | -0.51628
O4 | -11.73878 | -7.40539 | -4.51288
BR | -14.21409 | -5.71515 | -4.29989
C1' | -11.738 | -4.57692 | 0.17664
C2' | -12.33157 | -3.18847 | 0.03008
C3' | -12.62924 | -2.86754 | 1.47669
C4' | -13.09327 | -4.2168 | 2.03464
O3' | -11.3952 | -2.51457 | 2.0891
O4' | -12.52138 | -5.22441 | 1.1665
C5' | -14.59189 | -4.38885 | 2.14122
O5' | -15.22114 | -4.05659 | 0.90857
P | -16.81373 | -3.97945 | 0.78704
OP1 | -17.38064 | -3.82845 | 2.15106
OP2 | -17.11838 | -2.97293 | -0.25419
P | -4.58898 | -2.20165 | 5.44661
OP1 | -3.72079 | -2.9589 | 6.37907
OP2 | -4.93713 | -0.80522 | 5.72992
O5' | -3.92485 | -2.24399 | 4.0045
C5' | -3.28825 | -3.43625 | 3.55376
C4' | -2.49886 | -3.1635 | 2.29793
O4' | -3.39972 | -2.9782 | 1.17493
C3' | -1.64412 | -1.89661 | 2.37461
O3' | -0.46077 | -2.01997 | 1.59845
C2' | -2.4988 | -0.87166 | 1.65753
C1' | -3.11589 | -1.72526 | 0.56799
N9 | -4.35397 | -1.20625 | -0.00609
C8 | -5.23339 | -0.29693 | 0.54105
N7 | -6.25183 | -0.04038 | -0.23953
C5 | -6.02224 | -0.82373 | -1.36445
C6 | -6.7705 | -0.96208 | -2.55822
O6 | -7.82492 | -0.39755 | -2.87455
N1 | -6.17115 | -1.8732 | -3.43166
C2 | -4.99667 | -2.55706 | -3.17959
N2 | -4.56226 | -3.39686 | -4.12826
N3 | -4.29846 | -2.4265 | -2.07939
C4 | -4.85894 | -1.55178 | -1.22553
