38
DG_B_19-DC_A_1-1p54.pdb
O5' | -6.88691 | 0.65954 | -9.0059
C5' | -7.07637 | -0.64717 | -9.5689
C4' | -6.06883 | -1.60831 | -8.98172
O4' | -6.11778 | -1.50525 | -7.54269
C3' | -6.3136 | -3.07998 | -9.29437
O3' | -5.05935 | -3.77537 | -9.34241
C2' | -7.17383 | -3.53641 | -8.12733
C1' | -6.66752 | -2.67986 | -6.96652
N1 | -7.69813 | -2.23981 | -6.01088
C2 | -8.31675 | -3.18044 | -5.18788
O2 | -7.97212 | -4.36313 | -5.27135
N3 | -9.27064 | -2.77235 | -4.31603
C4 | -9.5961 | -1.48388 | -4.24042
N4 | -10.52049 | -1.12207 | -3.35533
C5 | -8.97647 | -0.50074 | -5.06522
C6 | -8.04371 | -0.91899 | -5.92709
P | -18.35032 | -1.58747 | -1.65285
OP1 | -19.76321 | -1.41891 | -2.05605
OP2 | -17.68868 | -0.5315 | -0.85104
O5' | -18.24181 | -2.97381 | -0.88519
C5' | -18.91441 | -4.13617 | -1.37132
C4' | -17.95221 | -5.29878 | -1.45841
O4' | -16.946 | -4.99322 | -2.44271
C3' | -17.17275 | -5.60132 | -0.18174
O3' | -16.8377 | -6.99693 | -0.13608
C2' | -15.91048 | -4.78224 | -0.36217
C1' | -15.66299 | -4.98148 | -1.83469
N9 | -14.87454 | -3.96359 | -2.51232
C8 | -14.80145 | -2.61704 | -2.24213
N7 | -14.07901 | -1.96645 | -3.11025
C5 | -13.64213 | -2.94721 | -3.99373
C6 | -12.85446 | -2.84944 | -5.16442
O6 | -12.40774 | -1.84843 | -5.70119
N1 | -12.62262 | -4.09265 | -5.73195
C2 | -13.10358 | -5.28067 | -5.25232
N2 | -12.75445 | -6.38605 | -5.9351
N3 | -13.86576 | -5.38325 | -4.18521
C4 | -14.09207 | -4.18416 | -3.6092
