42
DG_B_14-DT_B_15-1p54.pdb
P | -3.14651 | 0.12018 | 3.36962
OP1 | -2.0063 | 0.75226 | 4.06694
OP2 | -4.00414 | 0.92312 | 2.46206
O5' | -2.61935 | -1.17219 | 2.60178
C5' | -2.02533 | -2.21108 | 3.35479
C4' | -1.62848 | -3.3706 | 2.47579
O4' | -2.77626 | -4.18931 | 2.1464
C3' | -0.92187 | -3.04061 | 1.16144
O3' | 0.26851 | -3.83374 | 1.08964
C2' | -1.94059 | -3.42853 | 0.09767
C1' | -2.71711 | -4.54956 | 0.78199
N9 | -4.08825 | -4.74731 | 0.33046
C8 | -5.05077 | -3.78744 | 0.133
N7 | -6.19018 | -4.28167 | -0.27503
C5 | -5.96493 | -5.65285 | -0.35521
C6 | -6.83207 | -6.71578 | -0.75269
O6 | -8.00709 | -6.65422 | -1.10263
N1 | -6.19285 | -7.95141 | -0.69547
C2 | -4.8909 | -8.14625 | -0.29194
N2 | -4.44593 | -9.41563 | -0.29599
N3 | -4.07999 | -7.16872 | 0.0888
C4 | -4.67594 | -5.95873 | 0.02556
P | 1.06113 | -3.97133 | -0.29437
OP1 | 2.50463 | -3.97552 | 0.01458
OP2 | 0.51391 | -2.99616 | -1.28079
O5' | 0.67669 | -5.44896 | -0.76147
C5' | 0.72941 | -6.53086 | 0.17284
C4' | 0.39368 | -7.8369 | -0.50665
O4' | -1.00677 | -7.88296 | -0.87573
C3' | 1.16943 | -8.06866 | -1.79633
O3' | 1.46907 | -9.45011 | -1.93902
C2' | 0.17622 | -7.67348 | -2.86595
C1' | -1.10201 | -8.19855 | -2.25465
N1 | -2.31519 | -7.57365 | -2.77821
C2 | -3.32398 | -8.38143 | -3.26423
O2 | -3.23588 | -9.59568 | -3.33724
N3 | -4.44587 | -7.704 | -3.67123
C4 | -4.64751 | -6.33424 | -3.64926
O4 | -5.72627 | -5.87888 | -3.99728
C5 | -3.52168 | -5.55009 | -3.17184
C7 | -3.61194 | -4.05565 | -3.15493
C6 | -2.43424 | -6.20464 | -2.76223
