43
DG_B_14-DA_B_13-1p54.pdb
P | 4.65179 | 9.1678 | -2.66505
OP1 | 3.82202 | 9.10188 | -3.90021
OP2 | 4.42835 | 10.24595 | -1.68453
O5' | 4.49095 | 7.76448 | -1.94514
C5' | 4.45124 | 6.56777 | -2.70601
C4' | 5.08205 | 5.44255 | -1.92642
O4' | 6.47623 | 5.7469 | -1.71352
C3' | 4.48916 | 5.2174 | -0.54067
O3' | 4.50374 | 3.82231 | -0.26187
C2' | 5.41755 | 5.98562 | 0.37882
C1' | 6.7606 | 5.91538 | -0.33086
N9 | 7.55319 | 7.13718 | -0.21584
C8 | 7.08084 | 8.42554 | -0.1966
N7 | 8.0196 | 9.33112 | -0.15782
C5 | 9.19338 | 8.59107 | -0.13917
C6 | 10.54989 | 8.96964 | -0.10531
N6 | 10.96492 | 10.24306 | -0.12748
N1 | 11.47555 | 7.98422 | -0.06124
C2 | 11.05423 | 6.70641 | -0.08386
N3 | 9.81271 | 6.22917 | -0.13083
C4 | 8.91888 | 7.23694 | -0.15322
P | 4.11922 | 3.29101 | 1.2064
OP1 | 3.58874 | 1.92848 | 0.98741
OP2 | 3.29695 | 4.30789 | 1.90908
O5' | 5.54273 | 3.17475 | 1.91194
C5' | 6.57543 | 2.47997 | 1.24116
C4' | 7.86067 | 2.50849 | 2.0298
O4' | 8.5375 | 3.77887 | 1.87414
C3' | 7.76564 | 2.23265 | 3.53
O3' | 8.72223 | 1.21685 | 3.85295
C2' | 8.10908 | 3.57373 | 4.16517
C1' | 9.03579 | 4.19941 | 3.12704
N9 | 9.08147 | 5.65557 | 3.10394
C8 | 8.01951 | 6.52647 | 3.12758
N7 | 8.38568 | 7.78097 | 3.09353
C5 | 9.77607 | 7.7356 | 3.048
C6 | 10.73984 | 8.78884 | 3.00872
O6 | 10.54778 | 10.00108 | 2.98612
N1 | 12.04162 | 8.2957 | 2.97966
C2 | 12.3776 | 6.96043 | 2.97227
N2 | 13.69122 | 6.6733 | 2.9366
N3 | 11.49165 | 5.97426 | 2.99822
C4 | 10.22185 | 6.43126 | 3.04266
