41
DG_B_20-DC_A_2-1p54.pdb
P | -4.25001 | -0.2233 | -10.99534
OP1 | -3.12208 | -1.10163 | -10.59375
OP2 | -4.04647 | 0.75949 | -12.08149
O5' | -5.49756 | -1.14174 | -11.38364
C5' | -5.74256 | -2.37913 | -10.7082
C4' | -7.1562 | -2.85987 | -10.96158
O4' | -8.13436 | -2.00945 | -10.30105
C3' | -7.5899 | -2.93581 | -12.43043
O3' | -8.47944 | -4.03452 | -12.57839
C2' | -8.41721 | -1.67776 | -12.5964
C1' | -9.12292 | -1.6276 | -11.25327
N1 | -9.63731 | -0.30955 | -10.87252
C2 | -10.5509 | -0.22285 | -9.81628
O2 | -10.94362 | -1.26296 | -9.27161
N3 | -10.99434 | 0.98727 | -9.42563
C4 | -10.59048 | 2.08612 | -10.06406
N4 | -11.0763 | 3.26061 | -9.6492
C5 | -9.67855 | 2.02855 | -11.16088
C6 | -9.22864 | 0.82192 | -11.5273
P | -17.68623 | -2.69963 | -0.54415
OP1 | -19.02088 | -3.32878 | -0.35164
OP2 | -17.18868 | -1.70524 | 0.44012
O5' | -16.60987 | -3.8638 | -0.71579
C5' | -16.83874 | -4.95379 | -1.60804
C4' | -15.52352 | -5.5405 | -2.063
O4' | -14.75146 | -4.46828 | -2.65977
C3' | -14.64997 | -6.09553 | -0.9372
O3' | -13.75294 | -7.10264 | -1.41766
C2' | -13.80775 | -4.89407 | -0.54771
C1' | -13.58529 | -4.21012 | -1.88779
N9 | -13.4169 | -2.76286 | -1.80196
C8 | -14.06802 | -1.91111 | -0.94678
N7 | -13.70489 | -0.66793 | -1.08725
C5 | -12.75662 | -0.69615 | -2.10046
C6 | -12.00263 | 0.36282 | -2.6973
O6 | -12.03175 | 1.57817 | -2.44092
N1 | -11.15458 | -0.11455 | -3.69145
C2 | -11.04665 | -1.42818 | -4.06896
N2 | -10.1763 | -1.68858 | -5.04503
N3 | -11.74166 | -2.41663 | -3.52925
C4 | -12.57054 | -1.98227 | -2.55753
