41
DG_B_14-DC_B_12-1p54.pdb
P | -1.92586 | 7.02247 | 8.37766
OP1 | -0.57389 | 7.56531 | 8.08468
OP2 | -3.08524 | 7.94859 | 8.51756
O5' | -2.258 | 5.98061 | 7.2235
C5' | -1.21044 | 5.37898 | 6.48267
C4' | -1.78067 | 4.39302 | 5.4938
O4' | -2.40126 | 3.29596 | 6.19188
C3' | -2.85796 | 4.94412 | 4.55721
O3' | -2.74075 | 4.2215 | 3.33304
C2' | -4.1423 | 4.5014 | 5.23419
C1' | -3.70298 | 3.11984 | 5.66312
N1 | -4.49775 | 2.37407 | 6.6422
C2 | -4.25965 | 1.00715 | 6.76246
O2 | -3.43563 | 0.47659 | 6.00858
N3 | -4.93515 | 0.29469 | 7.69804
C4 | -5.82296 | 0.90215 | 8.48158
N4 | -6.4501 | 0.16248 | 9.40396
C5 | -6.10599 | 2.29094 | 8.36013
C6 | -5.43049 | 2.9826 | 7.43157
P | -1.13661 | -0.39186 | -2.46673
OP1 | 0.04579 | -1.10693 | -2.99254
OP2 | -1.77802 | 0.68015 | -3.26879
O5' | -2.23176 | -1.46674 | -2.03894
C5' | -1.89841 | -2.41201 | -1.04171
C4' | -3.06334 | -3.31789 | -0.73037
O4' | -4.01792 | -2.65763 | 0.13509
C3' | -3.84749 | -3.87946 | -1.91589
O3' | -3.9481 | -5.29796 | -1.74574
C2' | -5.20025 | -3.18707 | -1.8133
C1' | -5.32746 | -2.93865 | -0.31327
N9 | -6.16658 | -1.81462 | 0.08101
C8 | -6.15992 | -0.54294 | -0.43819
N7 | -7.03348 | 0.24636 | 0.13007
C5 | -7.65814 | -0.555 | 1.08135
C6 | -8.70578 | -0.25665 | 2.00502
O6 | -9.28949 | 0.8087 | 2.18171
N1 | -9.04208 | -1.36442 | 2.77859
C2 | -8.43877 | -2.59893 | 2.68993
N2 | -8.89423 | -3.54981 | 3.52523
N3 | -7.45877 | -2.88461 | 1.84371
C4 | -7.12759 | -1.82719 | 1.07206
