42
DG_B_19-BRU_B_18-1p54.pdb
N1 | -11.78439 | -1.52515 | -4.07989
C2 | -11.36375 | -2.70773 | -4.66262
N3 | -10.88519 | -2.58563 | -5.9404
C4 | -10.78599 | -1.42594 | -6.67461
C5 | -11.20273 | -0.24547 | -5.98303
C6 | -11.67646 | -0.3305 | -4.74251
O2 | -11.40753 | -3.77495 | -4.0895
O4 | -10.49703 | -1.49323 | -7.86226
BR | -11.02729 | 1.32529 | -6.89807
C1' | -12.36995 | -1.60894 | -2.73827
C2' | -12.40625 | -0.30139 | -1.97082
C3' | -13.6093 | -0.50366 | -1.06733
C4' | -14.55444 | -1.32934 | -1.93716
O3' | -13.24747 | -1.28073 | 0.07688
O4' | -13.71803 | -2.00014 | -2.90487
C5' | -15.65151 | -0.55341 | -2.63015
O5' | -15.1162 | 0.60083 | -3.27286
P | -16.07037 | 1.79512 | -3.72229
OP1 | -17.41432 | 1.58758 | -3.12309
OP2 | -15.34728 | 3.07079 | -3.48612
P | -14.03209 | -1.06569 | 1.46882
OP1 | -15.46636 | -0.8485 | 1.18078
OP2 | -13.28056 | -0.04975 | 2.24264
O5' | -13.90491 | -2.47453 | 2.19132
C5' | -14.64615 | -3.60496 | 1.73036
C4' | -13.72744 | -4.79024 | 1.5402
O4' | -12.79151 | -4.48553 | 0.48859
C3' | -12.86116 | -5.14773 | 2.74466
O3' | -12.56399 | -6.55255 | 2.72975
C2' | -11.5934 | -4.3583 | 2.48704
C1' | -11.46574 | -4.52456 | 0.99529
N9 | -10.7027 | -3.51041 | 0.28381
C8 | -10.57023 | -2.17403 | 0.58064
N7 | -9.89822 | -1.52004 | -0.32463
C5 | -9.55906 | -2.48813 | -1.26327
C6 | -8.86126 | -2.38019 | -2.4888
O6 | -8.42846 | -1.37751 | -3.03379
N1 | -8.70971 | -3.61351 | -3.1031
C2 | -9.18643 | -4.80062 | -2.61702
N2 | -8.92287 | -5.89627 | -3.35189
N3 | -9.86694 | -4.91128 | -1.49683
C4 | -10.01359 | -3.72242 | -0.8756
