42
DG_B_20-BRU_B_18-1p54.pdb
N1 | -13.1576 | 2.29732 | -7.66263
C2 | -13.06518 | 0.92716 | -7.83323
N3 | -12.56857 | 0.52663 | -9.04551
C4 | -12.16304 | 1.34077 | -10.07822
C5 | -12.25249 | 2.7414 | -9.80306
C6 | -12.7345 | 3.16331 | -8.63678
O2 | -13.39236 | 0.13449 | -6.9765
O4 | -11.89975 | 0.84191 | -11.16466
BR | -11.66378 | 3.85811 | -11.12281
C1' | -13.74731 | 2.77959 | -6.40983
C2' | -13.4364 | 4.2241 | -6.06816
C3' | -14.65191 | 4.61913 | -5.24902
C4' | -15.78062 | 3.83317 | -5.91228
O3' | -14.51219 | 4.1655 | -3.90043
O4' | -15.15051 | 2.70971 | -6.5656
C5' | -16.63042 | 4.60968 | -6.89246
O5' | -15.80612 | 5.33681 | -7.80004
P | -16.40747 | 6.53588 | -8.65989
OP1 | -17.75955 | 6.86834 | -8.14059
OP2 | -15.3718 | 7.59656 | -8.75108
P | -15.14925 | -0.38196 | 1.79921
OP1 | -16.53064 | -0.57646 | 2.31703
OP2 | -14.28199 | 0.67207 | 2.38404
O5' | -14.39541 | -1.78603 | 1.85925
C5' | -15.00857 | -2.97397 | 1.35985
C4' | -13.9529 | -3.97487 | 0.9539
O4' | -13.08972 | -3.32865 | -0.01522
C3' | -13.03029 | -4.42325 | 2.08807
O3' | -12.4706 | -5.71528 | 1.82882
C2' | -11.89477 | -3.41885 | 2.00881
C1' | -11.77596 | -3.18639 | 0.51049
N9 | -11.28953 | -1.85941 | 0.14605
C8 | -11.57892 | -0.67781 | 0.77916
N7 | -10.98981 | 0.35059 | 0.23839
C5 | -10.2675 | -0.1811 | -0.82095
C6 | -9.42451 | 0.45737 | -1.7842
O6 | -9.14662 | 1.66313 | -1.89625
N1 | -8.891 | -0.46203 | -2.68169
C2 | -9.13601 | -1.8109 | -2.66442
N2 | -8.53147 | -2.52925 | -3.61128
N3 | -9.91756 | -2.4136 | -1.78279
C4 | -10.4459 | -1.54499 | -0.89603
