44
DG_B_19-DG_B_19-1p54.pdb
P | -4.66356 | -6.74478 | -19.04823
P | -4.66356 | -6.74478 | -19.04823
OP1 | -5.07791 | -6.95216 | -20.45271
OP1 | -5.07791 | -6.95216 | -20.45271
OP2 | -5.48273 | -5.882 | -18.16489
OP2 | -5.48273 | -5.882 | -18.16489
O5' | -4.51214 | -8.18015 | -18.38504
O5' | -4.51214 | -8.18015 | -18.38504
C5' | -3.88218 | -9.25099 | -19.08947
C5' | -3.88218 | -9.25099 | -19.08947
C4' | -2.81742 | -9.88919 | -18.22687
C4' | -2.81742 | -9.88919 | -18.22687
O4' | -1.77867 | -8.92155 | -17.9832
O4' | -1.77867 | -8.92155 | -17.9832
C3' | -3.27545 | -10.33047 | -16.83963
C3' | -3.27545 | -10.33047 | -16.83963
O3' | -2.47755 | -11.43802 | -16.39384
O3' | -2.47755 | -11.43802 | -16.39384
C2' | -2.97436 | -9.11325 | -15.98845
C2' | -2.97436 | -9.11325 | -15.98845
C1' | -1.66395 | -8.67631 | -16.58943
C1' | -1.66395 | -8.67631 | -16.58943
N9 | -1.3004 | -7.2769 | -16.42683
N9 | -1.3004 | -7.2769 | -16.42683
C8 | -2.12766 | -6.18052 | -16.35516
C8 | -2.12766 | -6.18052 | -16.35516
N7 | -1.47171 | -5.05492 | -16.31541
N7 | -1.47171 | -5.05492 | -16.31541
C5 | -0.13541 | -5.43753 | -16.34959
C5 | -0.13541 | -5.43753 | -16.34959
C6 | 1.04632 | -4.66057 | -16.36838
C6 | 1.04632 | -4.66057 | -16.36838
O6 | 1.1594 | -3.44587 | -16.40594
O6 | 1.1594 | -3.44587 | -16.40594
N1 | 2.1824 | -5.45474 | -16.36679
N1 | 2.1824 | -5.45474 | -16.36679
C2 | 2.18808 | -6.82321 | -16.36997
C2 | 2.18808 | -6.82321 | -16.36997
N2 | 3.3957 | -7.41585 | -16.35087
N2 | 3.3957 | -7.41585 | -16.35087
N3 | 1.09767 | -7.55863 | -16.38778
N3 | 1.09767 | -7.55863 | -16.38778
C4 | -0.02073 | -6.80375 | -16.37549
C4 | -0.02073 | -6.80375 | -16.37549
