42
DG_B_14-DT_A_5-1p54.pdb
P | 6.39757 | 3.25431 | -13.63127
OP1 | 6.94997 | 3.37707 | -15.00269
OP2 | 5.40577 | 4.24194 | -13.14113
O5' | 5.77012 | 1.79973 | -13.52519
C5' | 6.56149 | 0.66227 | -13.86231
C4' | 5.7872 | -0.60428 | -13.59596
O4' | 5.77531 | -0.91499 | -12.18227
C3' | 4.32025 | -0.53701 | -14.03111
O3' | 3.9444 | -1.79629 | -14.56936
C2' | 3.58268 | -0.35769 | -12.71692
C1' | 4.44653 | -1.22825 | -11.82695
N1 | 4.282 | -1.02164 | -10.38732
C2 | 4.42797 | -2.11594 | -9.57669
O2 | 4.75741 | -3.21363 | -10.00229
N3 | 4.17924 | -1.87866 | -8.24855
C4 | 3.82153 | -0.6726 | -7.67475
O4 | 3.59784 | -0.61397 | -6.46828
C5 | 3.73229 | 0.4456 | -8.59166
C7 | 3.39011 | 1.80419 | -8.06748
C6 | 3.96627 | 0.21366 | -9.88321
P | -6.159 | -1.57073 | 1.20606
OP1 | -6.64882 | -1.96684 | 2.54361
OP2 | -5.52037 | -0.24533 | 1.00763
O5' | -5.19572 | -2.71516 | 0.65826
C5' | -5.72036 | -4.01712 | 0.48858
C4' | -4.68696 | -4.95742 | -0.07935
O4' | -4.54214 | -4.76876 | -1.50751
C3' | -3.28412 | -4.9003 | 0.52437
O3' | -2.89929 | -6.23519 | 0.8725
C2' | -2.43136 | -4.32692 | -0.59987
C1' | -3.17145 | -4.80222 | -1.8466
N9 | -3.00476 | -3.98477 | -3.04117
C8 | -3.09266 | -2.61743 | -3.13829
N7 | -2.8956 | -2.17701 | -4.35329
C5 | -2.65954 | -3.32474 | -5.10449
C6 | -2.36954 | -3.48315 | -6.49392
O6 | -2.28135 | -2.61815 | -7.36048
N1 | -2.19097 | -4.82147 | -6.83404
C2 | -2.29387 | -5.87728 | -5.95622
N2 | -2.09385 | -7.10459 | -6.46908
N3 | -2.57254 | -5.7432 | -4.66685
C4 | -2.73405 | -4.45035 | -4.31233
