41
DG_B_19-DC_B_17-1p54.pdb
P | -11.28619 | 8.5045 | -9.78947
OP1 | -12.37254 | 8.68147 | -8.79689
OP2 | -10.7908 | 9.67239 | -10.5592
O5' | -10.03944 | 7.78896 | -9.10205
C5' | -10.16511 | 7.13607 | -7.84183
C4' | -11.29352 | 6.13019 | -7.87521
O4' | -11.08325 | 5.18201 | -8.95042
C3' | -11.39599 | 5.30501 | -6.59346
O3' | -12.75195 | 5.13991 | -6.18401
C2' | -10.79346 | 3.97076 | -6.97293
C1' | -11.14089 | 3.86412 | -8.43806
N1 | -10.20234 | 3.0334 | -9.20203
C2 | -10.37938 | 1.65609 | -9.17923
O2 | -11.29108 | 1.1893 | -8.48618
N3 | -9.55386 | 0.86575 | -9.90511
C4 | -8.57188 | 1.41009 | -10.62363
N4 | -7.79122 | 0.59033 | -11.33267
C5 | -8.34977 | 2.81999 | -10.64821
C6 | -9.18343 | 3.58817 | -9.92638
P | -13.29116 | 1.1456 | 0.26407
OP1 | -14.50497 | 1.71606 | -0.35923
OP2 | -12.65361 | 1.85072 | 1.40076
O5' | -13.63972 | -0.3418 | 0.699
C5' | -14.38455 | -1.20284 | -0.16333
C4' | -13.67125 | -2.52588 | -0.32412
O4' | -12.41725 | -2.29639 | -0.99458
C3' | -13.29713 | -3.23094 | 0.97661
O3' | -13.25714 | -4.65079 | 0.76568
C2' | -11.89584 | -2.71765 | 1.24062
C1' | -11.34202 | -2.70083 | -0.16018
N9 | -10.23283 | -1.79509 | -0.41761
C8 | -9.97056 | -0.57638 | 0.16336
N7 | -8.94844 | 0.02901 | -0.37293
C5 | -8.507 | -0.85144 | -1.35436
C6 | -7.45556 | -0.73448 | -2.29313
O6 | -6.70875 | 0.21117 | -2.48731
N1 | -7.33598 | -1.87356 | -3.07391
C2 | -8.13739 | -2.97918 | -2.98385
N2 | -7.8519 | -3.99388 | -3.81981
N3 | -9.14042 | -3.08811 | -2.13992
C4 | -9.26525 | -1.99398 | -1.3601
