44
DG_B_14-DG_B_14-1p54.pdb
P | 4.12714 | 3.10954 | -1.83293
P | 4.12714 | 3.10954 | -1.83293
OP1 | 3.2854 | 1.91996 | -2.08239
OP1 | 3.2854 | 1.91996 | -2.08239
OP2 | 3.55781 | 4.29555 | -1.14507
OP2 | 3.55781 | 4.29555 | -1.14507
O5' | 5.4549 | 2.64478 | -1.08543
O5' | 5.4549 | 2.64478 | -1.08543
C5' | 6.30624 | 1.71912 | -1.73158
C5' | 6.30624 | 1.71912 | -1.73158
C4' | 7.53294 | 1.42849 | -0.90372
C4' | 7.53294 | 1.42849 | -0.90372
O4' | 8.5059 | 2.49375 | -1.02521
O4' | 8.5059 | 2.49375 | -1.02521
C3' | 7.3247 | 1.18047 | 0.58987
C3' | 7.3247 | 1.18047 | 0.58987
O3' | 7.99135 | -0.0403 | 0.93122
O3' | 7.99135 | -0.0403 | 0.93122
C2' | 7.96654 | 2.39414 | 1.24935
C2' | 7.96654 | 2.39414 | 1.24935
C1' | 9.05159 | 2.77542 | 0.24671
C1' | 9.05159 | 2.77542 | 0.24671
N9 | 9.45449 | 4.17566 | 0.24037
N9 | 9.45449 | 4.17566 | 0.24037
C8 | 8.63896 | 5.28096 | 0.24067
C8 | 8.63896 | 5.28096 | 0.24067
N7 | 9.30313 | 6.40693 | 0.23107
N7 | 9.30313 | 6.40693 | 0.23107
C5 | 10.64044 | 6.02105 | 0.22763
C5 | 10.64044 | 6.02105 | 0.22763
C6 | 11.83426 | 6.80495 | 0.22896
C6 | 11.83426 | 6.80495 | 0.22896
O6 | 11.94687 | 8.02724 | 0.21326
O6 | 11.94687 | 8.02724 | 0.21326
N1 | 12.97514 | 6.00681 | 0.23455
N1 | 12.97514 | 6.00681 | 0.23455
C2 | 12.97269 | 4.62995 | 0.22337
C2 | 12.97269 | 4.62995 | 0.22337
N2 | 14.1759 | 4.02859 | 0.22489
N2 | 14.1759 | 4.02859 | 0.22489
N3 | 11.87118 | 3.89195 | 0.2118
N3 | 11.87118 | 3.89195 | 0.2118
C4 | 10.75189 | 4.64715 | 0.22219
C4 | 10.75189 | 4.64715 | 0.22219
