44
DG_B_20-DG_B_19-1p54.pdb
P | -6.35257 | -1.59405 | -22.40605
OP1 | -6.83441 | -1.57613 | -23.80418
OP2 | -6.75494 | -0.50871 | -21.48092
O5' | -6.76774 | -2.99482 | -21.78275
C5' | -6.61858 | -4.20314 | -22.52941
C4' | -5.8781 | -5.23564 | -21.71043
O4' | -4.53959 | -4.76125 | -21.46949
C3' | -6.45342 | -5.50734 | -20.32329
O3' | -6.14837 | -6.85303 | -19.92566
C2' | -5.68688 | -4.53427 | -19.45017
C1' | -4.31857 | -4.62654 | -20.07345
N9 | -3.43257 | -3.48784 | -19.88556
C8 | -3.76187 | -2.15791 | -19.76558
N7 | -2.71618 | -1.38153 | -19.71472
C5 | -1.63801 | -2.25604 | -19.79255
C6 | -0.2465 | -2.00438 | -19.82229
O6 | 0.33389 | -0.93073 | -19.8326
N1 | 0.48645 | -3.17995 | -19.86946
C2 | -0.04567 | -4.4402 | -19.90672
N2 | 0.83244 | -5.4591 | -19.93322
N3 | -1.33739 | -4.68826 | -19.91486
C4 | -2.06932 | -3.5562 | -19.85525
P | -7.10029 | -7.5998 | -18.87149
OP1 | -8.01648 | -8.48527 | -19.64007
OP2 | -7.65902 | -6.52806 | -18.00874
O5' | -6.12576 | -8.52297 | -18.01048
C5' | -5.45183 | -9.63447 | -18.59949
C4' | -4.18716 | -9.9432 | -17.83376
O4' | -3.38461 | -8.73599 | -17.8134
C3' | -4.40524 | -10.31379 | -16.36622
O3' | -3.33292 | -11.11845 | -15.8638
C2' | -4.32103 | -8.96835 | -15.66821
C1' | -3.25629 | -8.25025 | -16.48293
N9 | -3.40669 | -6.79894 | -16.52007
C8 | -4.58424 | -6.09789 | -16.57169
N7 | -4.41152 | -4.80671 | -16.58175
C5 | -3.03415 | -4.64087 | -16.53733
C6 | -2.24133 | -3.45028 | -16.52841
O6 | -2.61623 | -2.26633 | -16.56545
N1 | -0.88257 | -3.74463 | -16.47813
C2 | -0.35245 | -5.00867 | -16.4471
N2 | 0.97794 | -5.08604 | -16.40116
N3 | -1.07371 | -6.11816 | -16.46029
C4 | -2.39749 | -5.86203 | -16.50456
