44
DG_B_20-DG_B_20-1p54.pdb
P | -8.44681 | -2.02582 | -22.04245
P | -8.44681 | -2.02582 | -22.04245
OP1 | -9.65524 | -2.46471 | -22.7916
OP1 | -9.65524 | -2.46471 | -22.7916
OP2 | -8.52059 | -0.84282 | -21.1479
OP2 | -8.52059 | -0.84282 | -21.1479
O5' | -7.88844 | -3.27691 | -21.22618
O5' | -7.88844 | -3.27691 | -21.22618
C5' | -7.71718 | -4.54822 | -21.85149
C5' | -7.71718 | -4.54822 | -21.85149
C4' | -6.65435 | -5.34444 | -21.13213
C4' | -6.65435 | -5.34444 | -21.13213
O4' | -5.44394 | -4.54651 | -21.12281
O4' | -5.44394 | -4.54651 | -21.12281
C3' | -6.96234 | -5.63697 | -19.66307
C3' | -6.96234 | -5.63697 | -19.66307
O3' | -6.27685 | -6.80819 | -19.20688
O3' | -6.27685 | -6.80819 | -19.20688
C2' | -6.34178 | -4.44857 | -18.95095
C2' | -6.34178 | -4.44857 | -18.95095
C1' | -5.10231 | -4.18239 | -19.79117
C1' | -5.10231 | -4.18239 | -19.79117
N9 | -4.67506 | -2.78684 | -19.80459
N9 | -4.67506 | -2.78684 | -19.80459
C8 | -5.48635 | -1.68115 | -19.80811
C8 | -5.48635 | -1.68115 | -19.80811
N7 | -4.82356 | -0.55964 | -19.80723
N7 | -4.82356 | -0.55964 | -19.80723
C5 | -3.49011 | -0.94503 | -19.80635
C5 | -3.49011 | -0.94503 | -19.80635
C6 | -2.29544 | -0.15833 | -19.80835
C6 | -2.29544 | -0.15833 | -19.80835
O6 | -2.17917 | 1.07862 | -19.81767
O6 | -2.17917 | 1.07862 | -19.81767
N1 | -1.15863 | -0.96024 | -19.80692
N1 | -1.15863 | -0.96024 | -19.80692
C2 | -1.16348 | -2.33128 | -19.80978
C2 | -1.16348 | -2.33128 | -19.80978
N2 | 0.03183 | -2.92228 | -19.80895
N2 | 0.03183 | -2.92228 | -19.80895
N3 | -2.26074 | -3.07112 | -19.81337
N3 | -2.26074 | -3.07112 | -19.81337
C4 | -3.38013 | -2.31818 | -19.81044
C4 | -3.38013 | -2.31818 | -19.81044
