40
DT_A_5-DT_A_5-1p54.pdb
P | -5.86346 | -9.97625 | 3.7482
P | -5.86346 | -9.97625 | 3.7482
OP1 | -6.75429 | -11.10676 | 3.38849
OP1 | -6.75429 | -11.10676 | 3.38849
OP2 | -6.42205 | -8.77781 | 4.41981
OP2 | -6.42205 | -8.77781 | 4.41981
O5' | -4.7083 | -10.58141 | 4.6538
O5' | -4.7083 | -10.58141 | 4.6538
C5' | -3.955 | -11.69823 | 4.18582
C5' | -3.955 | -11.69823 | 4.18582
C4' | -2.86163 | -12.03363 | 5.169
C4' | -2.86163 | -12.03363 | 5.169
O4' | -1.75192 | -11.11303 | 5.04156
O4' | -1.75192 | -11.11303 | 5.04156
C3' | -3.30422 | -11.96936 | 6.63385
C3' | -3.30422 | -11.96936 | 6.63385
O3' | -2.67637 | -13.02396 | 7.34827
O3' | -2.67637 | -13.02396 | 7.34827
C2' | -2.70132 | -10.66239 | 7.11513
C2' | -2.70132 | -10.66239 | 7.11513
C1' | -1.39941 | -10.68968 | 6.34024
C1' | -1.39941 | -10.68968 | 6.34024
N1 | -0.69301 | -9.41137 | 6.24418
N1 | -0.69301 | -9.41137 | 6.24418
C2 | 0.67585 | -9.45218 | 6.22231
C2 | 0.67585 | -9.45218 | 6.22231
O2 | 1.30493 | -10.50029 | 6.20448
O2 | 1.30493 | -10.50029 | 6.20448
N3 | 1.28275 | -8.22183 | 6.21713
N3 | 1.28275 | -8.22183 | 6.21713
C4 | 0.65701 | -6.98885 | 6.21713
C4 | 0.65701 | -6.98885 | 6.21713
O4 | 1.33178 | -5.96269 | 6.24428
O4 | 1.33178 | -5.96269 | 6.24428
C5 | -0.79102 | -7.03076 | 6.19456
C5 | -0.79102 | -7.03076 | 6.19456
C7 | -1.5657 | -5.75177 | 6.15372
C7 | -1.5657 | -5.75177 | 6.15372
C6 | -1.38092 | -8.22596 | 6.20747
C6 | -1.38092 | -8.22596 | 6.20747
