41
DT_A_5-DA_A_6-1p54.pdb
P | -2.55455 | -6.44458 | 8.71257
OP1 | -2.65917 | -7.61683 | 9.61584
OP2 | -3.69943 | -5.51226 | 8.57343
O5' | -1.27827 | -5.62494 | 9.18164
C5' | -0.02139 | -6.28638 | 9.31004
C4' | 1.05198 | -5.29178 | 9.67508
O4' | 1.46595 | -4.52969 | 8.51618
C3' | 0.61588 | -4.26733 | 10.7268
O3' | 1.70769 | -4.01359 | 11.59877
C2' | 0.38045 | -3.01366 | 9.9045
C1' | 1.49504 | -3.1697 | 8.88985
N1 | 1.37437 | -2.34689 | 7.68539
C2 | 2.53541 | -1.89432 | 7.11699
O2 | 3.64089 | -2.212 | 7.53122
N3 | 2.35665 | -1.05997 | 6.04273
C4 | 1.15166 | -0.66179 | 5.49388
O4 | 1.14202 | 0.1192 | 4.54571
C5 | -0.02826 | -1.21937 | 6.12311
C7 | -1.38171 | -0.88339 | 5.58191
C6 | 0.14493 | -2.02381 | 7.1717
P | 1.74555 | -4.70395 | 13.03993
OP1 | 1.80076 | -6.16276 | 12.78005
OP2 | 0.59227 | -4.15029 | 13.7937
O5' | 3.1467 | -4.19809 | 13.62045
C5' | 4.38514 | -4.68969 | 13.08404
C4' | 5.43615 | -3.59941 | 13.02748
O4' | 5.21714 | -2.7073 | 11.90979
C3' | 5.53748 | -2.70445 | 14.26595
O3' | 6.90216 | -2.33724 | 14.47764
C2' | 4.76337 | -1.47014 | 13.84771
C1' | 5.13316 | -1.36521 | 12.37711
N9 | 4.14781 | -0.67649 | 11.55204
C8 | 2.78385 | -0.61028 | 11.71584
N7 | 2.16572 | 0.05259 | 10.76178
C5 | 3.19389 | 0.45332 | 9.91793
C6 | 3.20626 | 1.18007 | 8.70398
N6 | 2.10021 | 1.61118 | 8.07261
N1 | 4.40329 | 1.43955 | 8.14716
C2 | 5.50997 | 0.96691 | 8.74299
N3 | 5.62853 | 0.244 | 9.85959
C4 | 4.42302 | 0.02645 | 10.40844
