42
DT_A_5-DG_A_4-1p54.pdb
P | -0.32767 | -4.28786 | -7.20562
OP1 | -0.63112 | -3.73645 | -8.54066
OP2 | -1.41603 | -4.90279 | -6.40635
O5' | 0.84052 | -5.35684 | -7.35847
C5' | 2.11482 | -4.96143 | -7.84653
C4' | 3.08585 | -6.11411 | -7.77337
O4' | 3.4417 | -6.3715 | -6.3885
C3' | 2.56604 | -7.43639 | -8.34742
O3' | 3.53373 | -7.99102 | -9.2476
C2' | 2.38222 | -8.311 | -7.11831
C1' | 3.43192 | -7.76363 | -6.16477
N9 | 3.16193 | -7.99643 | -4.75002
C8 | 1.95176 | -7.89919 | -4.11168
N7 | 2.00924 | -8.21324 | -2.84686
C5 | 3.34395 | -8.52244 | -2.63059
C6 | 4.01382 | -8.9292 | -1.44457
O6 | 3.54888 | -9.08257 | -0.31409
N1 | 5.36576 | -9.14837 | -1.6681
C2 | 6.00405 | -8.9809 | -2.87114
N2 | 7.32001 | -9.24988 | -2.87575
N3 | 5.39747 | -8.58432 | -3.98466
C4 | 4.07317 | -8.38258 | -3.79265
P | 3.15557 | -9.27531 | -10.15606
OP1 | 4.01659 | -9.24669 | -11.36389
OP2 | 1.68282 | -9.37551 | -10.29856
O5' | 3.66902 | -10.48374 | -9.26342
C5' | 5.04846 | -10.56606 | -8.91112
C4' | 5.2783 | -11.73775 | -7.98976
O4' | 4.85639 | -11.42494 | -6.64094
C3' | 4.51528 | -13.00284 | -8.3937
O3' | 5.33859 | -14.13288 | -8.14483
C2' | 3.36748 | -13.04011 | -7.40151
C1' | 4.08206 | -12.50842 | -6.1756
N1 | 3.21684 | -12.03901 | -5.09239
C2 | 3.66706 | -12.21352 | -3.81069
O2 | 4.77291 | -12.66801 | -3.55548
N3 | 2.77833 | -11.8324 | -2.83752
C4 | 1.51958 | -11.29345 | -3.02953
O4 | 0.816 | -11.02663 | -2.05854
C5 | 1.13533 | -11.09836 | -4.41277
C7 | -0.1916 | -10.48527 | -4.73057
C6 | 1.99547 | -11.47578 | -5.35848
