42
DT_A_5-DG_B_14-1p54.pdb
P | -10.91097 | -11.79867 | -2.3873
OP1 | -11.85413 | -12.89807 | -2.70788
OP2 | -11.38677 | -10.60856 | -1.64126
O5' | -9.70449 | -12.45574 | -1.59143
C5' | -9.01693 | -13.57462 | -2.14742
C4' | -7.85948 | -13.96304 | -1.26195
O4' | -6.74083 | -13.06384 | -1.44969
C3' | -8.1861 | -13.93234 | 0.23411
O3' | -7.5309 | -15.02123 | 0.86798
C2' | -7.51626 | -12.65382 | 0.70314
C1' | -6.27903 | -12.68698 | -0.17112
N1 | -5.55123 | -11.42232 | -0.2863
C2 | -4.18954 | -11.49272 | -0.41569
O2 | -3.5894 | -12.5535 | -0.51149
N3 | -3.55508 | -10.27647 | -0.4339
C4 | -4.14876 | -9.0305 | -0.351
O4 | -3.44914 | -8.02077 | -0.34793
C5 | -5.59481 | -9.0397 | -0.26203
C7 | -6.33898 | -7.74324 | -0.20696
C6 | -6.21088 | -10.22141 | -0.23647
P | 2.01995 | -0.56 | 7.9847
OP1 | 3.15711 | 0.33484 | 8.28803
OP2 | 0.85786 | -0.05407 | 7.21172
O5' | 2.58318 | -1.88254 | 7.29815
C5' | 3.49948 | -2.68174 | 8.01985
C4' | 3.89009 | -3.91214 | 7.24
O4' | 2.8588 | -4.92535 | 7.31752
C3' | 4.22307 | -3.72446 | 5.76027
O3' | 5.48841 | -4.34723 | 5.51068
C2' | 3.07973 | -4.42898 | 5.04173
C1' | 2.67957 | -5.50805 | 6.04346
N9 | 1.29882 | -5.96793 | 5.97223
C8 | 0.16419 | -5.19868 | 5.88465
N7 | -0.93287 | -5.90822 | 5.83968
C5 | -0.49514 | -7.22819 | 5.89777
C6 | -1.22936 | -8.453 | 5.87527
O6 | -2.44477 | -8.61539 | 5.81773
N1 | -0.38774 | -9.55999 | 5.94539
C2 | 0.9845 | -9.50075 | 6.04186
N2 | 1.63209 | -10.67801 | 6.10526
N3 | 1.67596 | -8.36984 | 6.07384
C4 | 0.87904 | -7.28297 | 5.99094
