40
DT_B_15-DT_A_5-1p54.pdb
P | 5.88329 | -2.23756 | -15.58884
OP1 | 6.59709 | -2.06561 | -16.878
OP2 | 4.48787 | -2.73956 | -15.57607
O5' | 6.78263 | -3.19635 | -14.69854
C5' | 8.15662 | -2.87967 | -14.48495
C4' | 8.77669 | -3.87727 | -13.53895
O4' | 8.40193 | -3.59319 | -12.16999
C3' | 8.35818 | -5.32641 | -13.80471
O3' | 9.47789 | -6.17294 | -13.58928
C2' | 7.35364 | -5.59918 | -12.70028
C1' | 7.997 | -4.80848 | -11.57909
N1 | 7.13199 | -4.51212 | -10.43619
C2 | 7.72051 | -4.46676 | -9.20027
O2 | 8.92618 | -4.58803 | -9.03827
N3 | 6.84779 | -4.26942 | -8.16029
C4 | 5.4779 | -4.10354 | -8.24782
O4 | 4.81369 | -3.96643 | -7.22358
C5 | 4.93826 | -4.1187 | -9.5923
C7 | 3.47199 | -3.90895 | -9.8013
C6 | 5.78492 | -4.3182 | -10.60226
P | 4.3858 | -8.13831 | 2.86122
OP1 | 4.70462 | -8.1151 | 4.30239
OP2 | 3.58111 | -7.03678 | 2.2591
O5' | 5.77104 | -8.25458 | 2.07574
C5' | 6.55331 | -9.4478 | 2.17813
C4' | 7.84627 | -9.30322 | 1.41163
O4' | 7.60103 | -9.27742 | -0.01624
C3' | 8.59904 | -8.01733 | 1.7256
O3' | 9.9992 | -8.25623 | 1.69324
C2' | 8.23238 | -7.11741 | 0.56696
C1' | 8.21701 | -8.12256 | -0.56118
N1 | 7.43899 | -7.70234 | -1.72502
C2 | 8.03715 | -7.72425 | -2.96926
O2 | 9.20684 | -8.02034 | -3.14714
N3 | 7.20573 | -7.37562 | -4.00387
C4 | 5.87367 | -7.00774 | -3.91634
O4 | 5.24523 | -6.77433 | -4.9375
C5 | 5.33151 | -6.96018 | -2.56945
C7 | 3.91532 | -6.52441 | -2.35429
C6 | 6.13164 | -7.31141 | -1.56189
