42
DT_B_15-DG_A_4-1p54.pdb
P | 12.25647 | 4.80978 | -3.47268
OP1 | 13.29109 | 5.85629 | -3.35944
OP2 | 11.01985 | 5.08775 | -4.24403
O5' | 12.93165 | 3.5002 | -4.07258
C5' | 13.98075 | 2.8485 | -3.37039
C4' | 14.36129 | 1.56547 | -4.06749
O4' | 13.31408 | 0.57539 | -3.88352
C3' | 14.58769 | 1.69139 | -5.57781
O3' | 15.83137 | 1.07628 | -5.93733
C2' | 13.40483 | 0.95032 | -6.17873
C1' | 13.08566 | -0.08219 | -5.10973
N9 | 11.71141 | -0.5721 | -5.11559
C8 | 10.5713 | 0.16431 | -5.31385
N7 | 9.48448 | -0.55716 | -5.31134
C5 | 9.93153 | -1.84984 | -5.08124
C6 | 9.20679 | -3.06735 | -4.96617
O6 | 7.98932 | -3.24517 | -5.02811
N1 | 10.04927 | -4.14692 | -4.74143
C2 | 11.41406 | -4.07131 | -4.6215
N2 | 12.04641 | -5.23697 | -4.40823
N3 | 12.10555 | -2.94018 | -4.70833
C4 | 11.30365 | -1.87632 | -4.94602
P | -1.64062 | -5.0006 | -10.93289
OP1 | -2.84395 | -5.81874 | -10.68426
OP2 | -1.29873 | -3.88012 | -10.01036
O5' | -0.39968 | -6.00229 | -11.01062
C5' | -0.29788 | -6.93223 | -12.09278
C4' | 0.91273 | -7.81815 | -11.92031
O4' | 2.13603 | -7.06537 | -12.1113
C3' | 1.02038 | -8.43794 | -10.53358
O3' | 1.56319 | -9.7474 | -10.62976
C2' | 2.02426 | -7.54517 | -9.83938
C1' | 2.97109 | -7.26352 | -10.98281
N1 | 3.78206 | -6.06064 | -10.80433
C2 | 5.15355 | -6.15712 | -10.93124
O2 | 5.73763 | -7.20976 | -11.12693
N3 | 5.81907 | -4.963 | -10.81149
C4 | 5.26243 | -3.71758 | -10.5738
O4 | 5.98306 | -2.73165 | -10.54499
C5 | 3.81996 | -3.70647 | -10.40211
C7 | 3.11958 | -2.42068 | -10.08904
C6 | 3.1672 | -4.86231 | -10.53126
