41
DT_B_15-DA_B_16-1p54.pdb
P | 3.45025 | -7.17471 | -3.32618
OP1 | 2.9074 | -7.67684 | -2.04855
OP2 | 3.00282 | -5.85536 | -3.85775
O5' | 5.04091 | -7.16318 | -3.18826
C5' | 5.75828 | -8.39592 | -3.07891
C4' | 7.2339 | -8.1373 | -2.88964
O4' | 7.82456 | -7.6017 | -4.09955
C3' | 7.53824 | -7.12231 | -1.79606
O3' | 8.73507 | -7.48301 | -1.12075
C2' | 7.78345 | -5.84858 | -2.57338
C1' | 8.50905 | -6.40261 | -3.77746
N1 | 8.47092 | -5.53173 | -4.95073
C2 | 9.65884 | -5.19258 | -5.56734
O2 | 10.75325 | -5.53281 | -5.1502
N3 | 9.51259 | -4.42689 | -6.69673
C4 | 8.32699 | -3.97164 | -7.24855
O4 | 8.35294 | -3.3397 | -8.29361
C5 | 7.12518 | -4.32766 | -6.51423
C7 | 5.79181 | -3.84346 | -6.99325
C6 | 7.26103 | -5.08328 | -5.42367
P | 8.98406 | -6.94441 | 0.36741
OP1 | 9.4335 | -8.11327 | 1.16166
OP2 | 7.80183 | -6.15587 | 0.80306
O5' | 10.20367 | -5.93899 | 0.20269
C5' | 11.3894 | -6.36016 | -0.45095
C4' | 12.26921 | -5.17226 | -0.74942
O4' | 11.84648 | -4.49984 | -1.95649
C3' | 12.29177 | -4.1127 | 0.34748
O3' | 13.63399 | -3.6778 | 0.51509
C2' | 11.42703 | -2.99681 | -0.21648
C1' | 11.70343 | -3.11513 | -1.70978
N9 | 10.67532 | -2.61176 | -2.62509
C8 | 9.31149 | -2.60258 | -2.48934
N7 | 8.67929 | -2.1064 | -3.52802
C5 | 9.69662 | -1.76044 | -4.40436
C6 | 9.69448 | -1.16845 | -5.68715
N6 | 8.59148 | -0.84015 | -6.36202
N1 | 10.89184 | -0.92603 | -6.26309
C2 | 12.00122 | -1.25763 | -5.60227
N3 | 12.13284 | -1.82791 | -4.40648
C4 | 10.93113 | -2.0545 | -3.85466
