42
DT_B_15-DG_B_14-1p54.pdb
P | -0.19504 | -6.73195 | -1.66714
OP1 | -0.41821 | -6.26588 | -0.28191
OP2 | -1.21292 | -6.4702 | -2.71562
O5' | 1.22552 | -6.20412 | -2.15818
C5' | 2.379 | -6.60279 | -1.44424
C4' | 3.63379 | -6.05052 | -2.07282
O4' | 4.01672 | -6.82468 | -3.23482
C3' | 3.61357 | -4.58306 | -2.49926
O3' | 4.7709 | -3.94692 | -1.94505
C2' | 3.66234 | -4.64934 | -4.02015
C1' | 4.42204 | -5.94939 | -4.26656
N9 | 4.14965 | -6.62078 | -5.5307
C8 | 2.9239 | -6.873 | -6.09701
N7 | 3.0081 | -7.49881 | -7.24169
C5 | 4.37463 | -7.66726 | -7.44548
C6 | 5.08582 | -8.27209 | -8.52626
O6 | 4.63447 | -8.80951 | -9.53342
N1 | 6.46342 | -8.21781 | -8.33144
C2 | 7.08176 | -7.66782 | -7.23096
N2 | 8.42604 | -7.71207 | -7.21449
N3 | 6.43182 | -7.1129 | -6.21719
C4 | 5.09342 | -7.14086 | -6.39367
P | 5.22131 | -2.50172 | -2.46581
OP1 | 5.71297 | -1.73915 | -1.30137
OP2 | 4.15178 | -1.92911 | -3.3328
O5' | 6.49051 | -2.84635 | -3.3712
C5' | 7.49118 | -3.7466 | -2.88703
C4' | 8.62359 | -3.86595 | -3.87878
O4' | 8.19599 | -4.57204 | -5.06966
C3' | 9.15324 | -2.52251 | -4.3619
O3' | 10.55725 | -2.60073 | -4.56494
C2' | 8.47657 | -2.35309 | -5.70359
C1' | 8.50662 | -3.77889 | -6.20303
N1 | 7.51972 | -4.06896 | -7.24145
C2 | 7.94578 | -4.63901 | -8.42463
O2 | 9.11752 | -4.86205 | -8.67911
N3 | 6.93711 | -4.93281 | -9.30751
C4 | 5.58207 | -4.70895 | -9.13103
O4 | 4.79454 | -5.0748 | -9.99018
C5 | 5.21889 | -4.06042 | -7.8829
C7 | 3.78555 | -3.7237 | -7.61099
C6 | 6.19411 | -3.78541 | -7.01569
