39
DC_A_7-BRU_A_8-1p54.pdb
P | -11.44782 | 4.96035 | -1.75873
OP1 | -12.66264 | 4.24376 | -1.27982
OP2 | -10.42793 | 5.38693 | -0.78015
O5' | -10.72807 | 4.01979 | -2.8193
C5' | -11.46124 | 3.44118 | -3.88417
C4' | -10.73366 | 2.22729 | -4.39113
O4' | -9.53143 | 2.68997 | -5.0573
C3' | -10.28302 | 1.29619 | -3.26169
O3' | -10.50065 | -0.07072 | -3.60609
C2' | -8.80399 | 1.59485 | -3.10429
C1' | -8.38045 | 2.10935 | -4.47519
N1 | -7.32111 | 3.14457 | -4.42842
C2 | -5.98935 | 2.72719 | -4.37181
O2 | -5.75064 | 1.51424 | -4.38031
N3 | -5.00373 | 3.65165 | -4.31104
C4 | -5.30882 | 4.95306 | -4.30482
N4 | -4.29713 | 5.83489 | -4.23137
C5 | -6.65849 | 5.4098 | -4.37052
C6 | -7.62411 | 4.47979 | -4.43304
N1 | -5.77741 | 0.26048 | -0.53928
C2 | -4.45341 | 0.64662 | -0.63336
N3 | -4.25183 | 2.00363 | -0.68138
C4 | -5.22872 | 2.98387 | -0.6876
C5 | -6.55792 | 2.48829 | -0.62933
C6 | -6.78522 | 1.18269 | -0.56393
O2 | -3.53306 | -0.15866 | -0.69281
O4 | -4.91165 | 4.17127 | -0.77466
BR | -7.88246 | 3.74267 | -0.63326
C1' | -6.06726 | -1.16693 | -0.37479
C2' | -7.25792 | -1.44883 | 0.52213
C3' | -7.61207 | -2.84686 | 0.07003
C4' | -7.35082 | -2.79159 | -1.43856
O3' | -6.67257 | -3.73056 | 0.66912
O4' | -6.40364 | -1.71522 | -1.63929
C5' | -8.5789 | -2.59237 | -2.29819
O5' | -9.34129 | -1.48536 | -1.83014
P | -10.78047 | -1.15361 | -2.44315
OP1 | -11.29304 | -2.37156 | -3.12034
OP2 | -11.57243 | -0.52 | -1.36547
